0 0000
0 0000
0 0000
0 0000
0 0000
0 0000
0 0000
0 0000
0 0000
0 0000
1 000A
1 97A1
1 8890
1 2FA8
1 FAE3
1 6A78
0 0000
0 0000
0 0000
0 0000
0 0000
0 0000
0 0000
0 0000
0 0000
0 0000
0 0000
1 000B
1 EB6A
1 2B05
1 E0FE
1 7F5A
1 82D2
1 9B94
0 0000
0 0000
0 0000
0 0000
0 0000
0 0000
0 0000
0 0000
0 0000
0 0000
0 0000
1 000C
1 797E
1 F2C0
1 D494
1 AD7B
1 5D1D
1 CF06
0 0000
0 0000
0 0000
0 0000
0 0000
0 0000
0 0000
0 0000
0 0000
0 0000
0 0000
1 000D
1 A66A
1 A687
1 0998
1 BBCD
1 60B0
1 6C84
1 2289
0 0000
0 0000
0 0000
0 0000
0 0000
0 0000
0 0000
0 0000
0 0000
0 0000
0 0000
1 000E
1 364E
1 5028
1 1E24
1 C06F
1 759F
1 7356
1 762A
0 0000
0 0000
0 0000
0 0000
0 0000
0 0000
0 0000
0 0000
0 0000
0 0000
0 0000
1 000F
1 0E92
1 AAC7
1 A036
1 6A4B
1 A524
1 04DD
1 80CA
1 3CF4
0 0000
0 0000
0 0000
0 0000
0 0000
0 0000
0 0000
0 0000
0 0000
0 0000
0 0000
1 0010
1 7453
1 3941
1 9C86
1 1D5E
1 1503
1 069A
1 8F24
1 D31C
0 0000
0 0000
0 0000
0 0000
0 0000
0 0000
0 0000
0 0000
0 0000
0 0000
0 0000
1 0011
1 7ED6
1 6145
1 8A7F
1 9C60
1 1CC3
1 9B60
1 FF1D
1 A4DC
1 BBD3
0 0000
0 0000
0 0000
0 0000
0 0000
0 0000
0 0000
0 0000
0 0000
0 0000
0 0000
1 0012
1 2888
1 52F7
1 37EE
1 41DE
1 E831
1 65EC
1 13B9
1 590E
1 492A
0 0000
0 0000
0 0000
0 0000
0 0000
0 0000
0 0000
0 0000
0 0000
0 0000
0 0000
1 0013
1 EAA2
1 306D
1 86B0
1 3E87
1 27C6
1 20BA
1 75D2
1 BF66
1 C25C
1 D45A
0 0000
0 0000
0 0000
0 0000
0 0000
0 0000
0 0000
0 0000
0 0000
0 0000
0 0000
1 0014
1 4C71
1 DE75
1 2567
1 5482
1 99DD
1 4976
1 5418
1 7351
1 E13E
1 D60F
0 0000
0 0000
0 0000
0 0000
0 0000
0 0000
0 0000
0 0000
0 0000
0 0000
0 0000
1 0015
1 1D0F
1 CE78
1 402C
1 8CCF
1 2C99
1 6277
1 0E40
1 CB57
1 89D5
1 E7F0
1 06D8
0 0000
0 0000
0 0000
0 0000
0 0000
0 0000
0 0000
0 0000
0 0000
0 0000
0 0000
1 0016
1 4145
1 6AED
1 7E57
1 B52B
1 84AD
1 77F9
1 AE7E
1 3E83
1 32B5
1 7C55
1 0238
0 0000
0 0000
0 0000
0 0000
0 0000
0 0000
0 0000
0 0000
0 0000
0 0000
0 0000
1 0017
1 D88E
1 D15F
1 82CD
1 0F62
1 8938
1 EA1D
1 EDE2
1 80E3
1 3917
1 F38F
1 5FC5
1 B11D
0 0000
0 0000
0 0000
0 0000
0 0000
0 0000
0 0000
0 0000
0 0000
0 0000
0 0000
1 0018
1 4B60
1 64F4
1 CF06
1 4B65
1 CBB4
1 CBE7
1 AAF0
1 2BEA
1 0047
1 B4DA
1 B722
1 D767
0 0000
0 0000
0 0000
0 0000
0 0000
0 0000
0 0000
0 0000
0 0000
0 0000
0 0000
1 0019
1 18F7
1 CF51
1 6CAA
1 8A77
1 478D
1 E3D1
1 2AD9
1 1D8F
1 FEE0
1 6BD7
1 5847
1 8EBC
1 B7F3
0 0000
0 0000
0 0000
0 0000
0 0000
0 0000
0 0000
0 0000
0 0000
0 0000
0 0000
1 001A
1 4674
1 1C56
1 4E4C
1 EB8C
1 398F
1 08CA
1 22B1
1 82D2
1 F9D1
1 06E2
1 6E7F
1 10EF
1 39F5
0 0000
0 0000
0 0000
0 0000
0 0000
0 0000
0 0000
0 0000
0 0000
0 0000
0 0000
1 001B
1 A44C
1 08A9
1 34A8
1 887A
1 F811
1 C7FA
1 95EC
1 C135
1 440B
1 1FD9
1 64D1
1 5A9D
1 C6DA
1 9400
0 0000
0 0000
0 0000
0 0000
0 0000
0 0000
0 0000
0 0000
0 0000
0 0000
0 0000
1 001C
1 27F4
1 9F2C
1 5778
1 B85E
1 5CD4
1 A60F
1 0E66
1 CE18
1 5CC5
1 47F7
1 A982
1 16BD
1 3036
1 67EB
0 0000
0 0000
0 0000
0 0000
0 0000
0 0000
0 0000
0 0000
0 0000
0 0000
0 0000
1 001D
1 A5CC
1 AB77
1 FB4E
1 6564
1 AF96
1 F09B
1 DD98
1 BFD9
1 A054
1 3F9B
1 E9A9
1 84CF
1 D67C
1 1BE2
1 2A7C
0 0000
0 0000
0 0000
0 0000
0 0000
0 0000
0 0000
0 0000
0 0000
0 0000
0 0000
1 001E
1 11CF
1 E7ED
1 5EB8
1 BB64
1 B134
1 4A01
1 C80E
1 5C66
1 5E10
1 534F
1 62B1
1 4DDF
1 BD50
1 2574
1 B87A
0 0000
0 0000
0 0000
0 0000
0 0000
0 0000
0 0000
0 0000
0 0000
0 0000
0 0000
1 001F
1 60E8
1 59CF
1 1D04
1 74A3
1 E437
1 C03D
1 B7D2
1 A2C6
1 82A6
1 8959
1 69B4
1 F6BA
1 BF77
1 3B1F
1 A9E1
1 4F23
0 0000
0 0000
0 0000
0 0000
0 0000
0 0000
0 0000
0 0000
0 0000
0 0000
0 0000
1 0020
1 72B6
1 1E03
1 CDF5
1 887D
1 0415
1 43AA
1 9B52
1 6830
1 1596
1 B857
1 157E
1 DABC
1 533B
1 24F7
1 550D
1 BB76
0 0000
0 0000
0 0000
0 0000
0 0000
0 0000
0 0000
0 0000
0 0000
0 0000
0 0000
1 0021
1 12E3
1 B500
1 BF10
1 A602
1 211E
1 D90E
1 CBED
1 D88F
1 69F3
1 3E96
1 274C
1 B0FF
1 D502
1 426A
1 23D6
1 396B
1 6D04
0 0000
0 0000
0 0000
0 0000
0 0000
0 0000
0 0000
0 0000
0 0000
0 0000
0 0000
1 0022
1 814E
1 3F6E
1 0B87
1 6BA3
1 D5FF
1 9AF5
1 A38A
1 3F97
1 4696
1 7084
1 F57B
1 39D6
1 27F1
1 41EC
1 C659
1 06B6
1 5773
0 0000
0 0000
0 0000
0 0000
0 0000
0 0000
0 0000
0 0000
0 0000
0 0000
0 0000
1 0023
1 1870
1 E34A
1 98F2
1 7B18
1 18DC
1 AC0E
1 34F9
1 4EF5
1 F4AD
1 D065
1 954A
1 BC77
1 DB8B
1 120A
1 FFC0
1 2625
1 3E46
1 A755
0 0000
0 0000
0 0000
0 0000
0 0000
0 0000
0 0000
0 0000
0 0000
0 0000
0 0000
1 0024
1 9B69
1 D3C0
1 1CA8
1 54CF
1 72D1
1 191C
1 3C10
1 6CB3
1 08E2
1 A351
1 8849
1 24E9
1 19C1
1 6C02
1 21F1
1 A632
1 A2B5
1 F22D
0 0000
0 0000
0 0000
0 0000
0 0000
0 0000
0 0000
0 0000
0 0000
0 0000
0 0000
1 0025
1 6129
1 B475
1 1757
1 E13C
1 3AF7
1 892A
1 08F1
1 E7B9
1 4E9D
1 1355
1 9D51
1 34FA
1 21C5
1 ED91
1 5798
1 E8A5
1 5751
1 FDEF
1 818D
0 0000
0 0000
0 0000
0 0000
0 0000
0 0000
0 0000
0 0000
0 0000
0 0000
0 0000
1 0026
1 6F6A
1 2642
1 8F47
1 E817
1 A873
1 EFB2
1 4F73
1 50E7
1 C5BF
1 03C5
1 6C0B
1 14EF
1 0098
1 1F20
1 F1C1
1 DF03
1 13B6
1 B15C
1 F119
0 0000
0 0000
0 0000
0 0000
0 0000
0 0000
0 0000
0 0000
0 0000
0 0000
0 0000
1 0027
1 680D
1 D414
1 E42D
1 1C32
1 BFFC
1 3B56
1 FCC5
1 A7C7
1 3882
1 AD32
1 4811
1 00CB
1 CE37
1 1D2E
1 048A
1 479D
1 45B6
1 ACE2
1 9815
1 7545
0 0000
0 0000
0 0000
0 0000
0 0000
0 0000
0 0000
0 0000
0 0000
0 0000
0 0000
1 0028
1 DAC6
1 1BA4
1 0094
1 0614
1 E259
1 23C2
1 AB7C
1 B90D
1 AE2F
1 1E36
1 1D5A
1 9E2B
1 EC9A
1 E4DA
1 A5E5
1 D067
1 C06F
1 04A7
1 C891
1 EA22
0 0000
0 0000
0 0000
0 0000
0 0000
0 0000
0 0000
0 0000
0 0000
0 0000
0 0000
1 0029
1 0014
1 BCE4
1 C9F9
1 7840
1 2966
1 D2A1
1 7BED
1 6A13
1 DB55
1 10AC
1 CBEF
1 7C63
1 D692
1 607D
1 B5E7
1 0368
1 595E
1 C0EC
1 6EE7
1 AA08
1 63BD
0 0000
0 0000
0 0000
0 0000
0 0000
0 0000
0 0000
0 0000
0 0000
0 0000
0 0000
1 002A
1 4A49
1 D035
1 31BD
1 8EBB
1 AABF
1 6E47
1 058E
1 1AA4
1 6834
1 D813
1 31E5
1 3F69
1 4EE8
1 D0FA
1 9D09
1 A46E
1 ECDD
1 FAED
1 495B
1 22DA
1 1E5E
0 0000
0 0000
0 0000
0 0000
0 0000
0 0000
0 0000
0 0000
0 0000
0 0000
0 0000
1 002B
1 CC2E
1 0E05
1 49FC
1 1B37
1 F7CB
1 AD3B
1 9B1B
1 8BC1
1 39E7
1 73C3
1 77F0
1 BCAA
1 BE71
1 74AC
1 58B5
1 2400
1 1C3F
1 6190
1 CB56
1 BE51
1 9A98
1 0B6E
0 0000
0 0000
0 0000
0 0000
0 0000
0 0000
0 0000
0 0000
0 0000
0 0000
0 0000
1 002C
1 CB6E
1 1B08
1 8362
1 6200
1 864A
1 C692
1 A3F4
1 E47C
1 08B2
1 AA52
1 6531
1 B687
1 2F60
1 7BD8
1 649E
1 9DC9
1 7F8E
1 9971
1 5E77
1 DE9D
1 9AAC
1 4CD5
0 0000
0 0000
0 0000
0 0000
0 0000
0 0000
0 0000
0 0000
0 0000
0 0000
0 0000
1 002D
1 3430
1 ECD8
1 4DAA
1 0F37
1 CFDC
1 ABAE
1 B406
1 C581
1 4338
1 D9B1
1 3CEC
1 DDF7
1 7A33
1 DD1F
1 1A74
1 986A
1 0C14
1 CB4C
1 A73F
1 E7F2
1 3E70
1 D837
1 56D6
0 0000
0 0000
0 0000
0 0000
0 0000
0 0000
0 0000
0 0000
0 0000
0 0000
0 0000
1 002E
1 B0BE
1 CA99
1 1871
1 B8E6
1 F38B
1 7676
1 5895
1 7A86
1 EACD
1 5EC3
1 A49D
1 487D
1 6FF8
1 4565
1 C55F
1 6AD5
1 E1F1
1 D3E6
1 AD98
1 244C
1 6C5C
1 054A
1 08CC
0 0000
0 0000
0 0000
0 0000
0 0000
0 0000
0 0000
0 0000
0 0000
0 0000
0 0000
1 002F
1 E59C
1 6DA1
1 0583
1 A6C3
1 C19E
1 9044
1 672E
1 7D80
1 FDAC
1 B6C2
1 C0C7
1 D221
1 0615
1 5340
1 B948
1 B490
1 B223
1 4D76
1 2456
1 ACFF
1 FC27
1 9376
1 2B0A
1 D530
0 0000
0 0000
0 0000
0 0000
0 0000
0 0000
0 0000
0 0000
0 0000
0 0000
0 0000
1 0030
1 29EF
1 9AA9
1 F935
1 3399
1 D37E
1 8A7A
1 67E5
1 6072
1 6C57
1 CB4A
1 2CF2
1 8303
1 9169
1 AF8A
1 1634
1 D7AA
1 B9C8
1 DDA0
1 7501
1 7E94
1 D9BC
1 59DF
1 D792
1 BA3B
0 0000
0 0000
0 0000
0 0000
0 0000
0 0000
0 0000
0 0000
0 0000
0 0000
0 0000
1 0031
1 4A63
1 C1A6
1 9D1C
1 321A
1 DFB4
1 A696
1 25C5
1 D49E
1 D6FF
1 A3AE
1 43CC
1 9FB3
1 DCB9
1 F47D
1 C93C
1 CEF4
1 47C6
1 A31E
1 0763
1 6A7F
1 85B7
1 6855
1 7530
1 87A9
1 23F0
0 0000
0 0000
0 0000
0 0000
0 0000
0 0000
0 0000
0 0000
0 0000
0 0000
0 0000
1 0032
1 490B
1 72DD
1 4350
1 6FC0
1 9F81
1 D7BB
1 444E
1 2276
1 8279
1 7997
1 D8F1
1 C646
1 7322
1 0934
1 420F
1 1286
1 F650
1 324A
1 AE53
1 9EA1
1 AB34
1 DD33
1 A612
1 6F4D
1 5E26
0 0000
0 0000
0 0000
0 0000
0 0000
0 0000
0 0000
0 0000
0 0000
0 0000
0 0000
1 0033
1 689D
1 DDD8
1 BD52
1 EDDE
1 0697
1 AF14
1 87ED
1 466B
1 0F02
1 A108
1 7227
1 585F
1 C006
1 2359
1 740C
1 992C
1 0C3B
1 E5E9
1 7560
1 8752
1 091B
1 EAEF
1 67CE
1 0DFC
1 0338
1 0B6B
0 0000
0 0000
0 0000
0 0000
0 0000
0 0000
0 0000
0 0000
0 0000
0 0000
0 0000
1 0034
1 745E
1 022F
1 57A1
1 E545
1 51F2
1 8E97
1 769A
1 7C0A
1 827E
1 3FAE
1 0872
1 ECFD
1 E4D8
1 47AF
1 922B
1 7B13
1 6C2E
1 B53B
1 C24F
1 0545
1 DC39
1 D468
1 B631
1 87CC
1 0104
1 067F
0 0000
0 0000
0 0000
0 0000
0 0000
0 0000
0 0000
0 0000
0 0000
0 0000
0 0000
1 0035
1 94BF
1 13CB
1 E29E
1 A79B
1 AFFE
1 35F7
1 55F2
1 934C
1 96D5
1 A97A
1 EC0E
1 A9E4
1 2BB5
1 CDA3
1 91B6
1 C493
1 F050
1 643E
1 0797
1 252E
1 79EC
1 8DAC
1 B099
1 25F0
1 BA94
1 26D7
1 AC64
0 0000
0 0000
0 0000
0 0000
0 0000
0 0000
0 0000
0 0000
0 0000
0 0000
0 0000
1 0036
1 0336
1 8166
1 51BC
1 F0CF
1 54EF
1 7E66
1 B208
1 6DCE
1 943B
1 C197
1 0DF0
1 B30E
1 BF02
1 035B
1 8783
1 DB26
1 3C65
1 EC08
1 6151
1 7B84
1 FC2A
1 28C1
1 FA4B
1 5CB5
1 C08D
1 D130
1 8C92
0 0000
0 0000
0 0000
0 0000
0 0000
0 0000
0 0000
0 0000
0 0000
0 0000
0 0000
1 0037
1 4517
1 4265
1 EB7F
1 09C2
1 B4D3
1 BD1D
1 C857
1 5782
1 7EEB
1 AAFF
1 9864
1 C8AC
1 EBEB
1 3C8A
1 9029
1 78BD
1 F689
1 63D2
1 096C
1 DF98
1 0D7F
1 D3DD
1 DBEC
1 3764
1 E8E1
1 8DA9
1 7100
1 060A
0 0000
0 0000
0 0000
0 0000
0 0000
0 0000
0 0000
0 0000
0 0000
0 0000
0 0000
1 0038
1 CA37
1 780A
1 B5A8
1 D52B
1 36AE
1 669B
1 D91E
1 2B2C
1 CF41
1 7F40
1 6E29
1 4B74
1 1390
1 F7DD
1 90B1
1 A77E
1 4F29
1 C268
1 B8BA
1 EC2B
1 7DC5
1 3B58
1 7FA7
1 B0FB
1 2638
1 70FA
1 08F3
1 FB63
0 0000
0 0000
0 0000
0 0000
0 0000
0 0000
0 0000
0 0000
0 0000
0 0000
0 0000
1 0039
1 FE8D
1 E801
1 2ED7
1 C8FA
1 A63D
1 CD5A
1 C10B
1 2388
1 0CEE
1 9A08
1 083A
1 00D6
1 C59B
1 E726
1 4F65
1 6BFD
1 E24B
1 CC31
1 B1B1
1 4234
1 5DD9
1 9E28
1 14DE
1 B1B7
1 7648
1 F4B7
1 6E68
1 B16E
1 7BAD
0 0000
0 0000
0 0000
0 0000
0 0000
0 0000
0 0000
0 0000
0 0000
0 0000
0 0000
1 003A
1 B188
1 5E6E
1 F2F6
1 6C6F
1 0A05
1 6436
1 2C17
1 AD5C
1 A483
1 2DCD
1 24B7
1 E47D
1 67F7
1 1DBA
1 0A8A
1 9331
1 D9E2
1 6BE4
1 80A4
1 B346
1 FEE4
1 1B65
1 DAD3
1 D8B8
1 B433
1 F877
1 8341
1 D25E
1 EC6B
0 0000
0 0000
0 0000
0 0000
0 0000
0 0000
0 0000
0 0000
0 0000
0 0000
0 0000
1 003B
1 7DFF
1 BF1F
1 4880
1 C53D
1 4639
1 2403
1 8B03
1 9B1F
1 FDF5
1 F6B2
1 5ABA
1 409D
1 E67A
1 669A
1 52CF
1 E719
1 0A95
1 381B
1 6464
1 FFEE
1 2AC5
1 FCA8
1 42E9
1 C646
1 F8DD
1 D974
1 3D31
1 C422
1 89B5
1 8468
0 0000
0 0000
0 0000
0 0000
0 0000
0 0000
0 0000
0 0000
0 0000
0 0000
0 0000
1 003C
1 CCDA
1 89AF
1 DDDD
1 1AA8
1 9437
1 82F6
1 5E14
1 F082
1 C753
1 C79B
1 0CC9
1 5BB7
1 5049
1 C041
1 CF1B
1 F9AF
1 DE9E
1 66D2
1 85FC
1 0D3E
1 0EAF
1 52AD
1 3A49
1 48E1
1 24EC
1 D942
1 EC5E
1 0554
1 1957
1 C558
0 0000
0 0000
0 0000
0 0000
0 0000
0 0000
0 0000
0 0000
0 0000
0 0000
0 0000
1 003D
1 02DB
1 B64A
1 E21C
1 18DD
1 A409
1 7754
1 751B
1 0CAF
1 F0E5
1 C335
1 F015
1 699B
1 36C8
1 3F94
1 3CEA
1 2B8F
1 F8E9
1 A22C
1 00D0
1 D4E1
1 D45B
1 744A
1 5F6C
1 C245
1 6947
1 1C8D
1 94B4
1 8C88
1 EA4C
1 3E1B
1 D527
0 0000
0 0000
0 0000
0 0000
0 0000
0 0000
0 0000
0 0000
0 0000
0 0000
0 0000
1 003E
1 7877
1 CBA2
1 79F8
1 BA35
1 DC1C
1 5CDD
1 13C4
1 D992
1 FCBD
1 5D8D
1 5617
1 A01B
1 C370
1 1FCE
1 E97F
1 AA31
1 AEE3
1 08D3
1 7DBF
1 2585
1 4E21
1 933F
1 0184
1 25AC
1 3CC3
1 0C15
1 B661
1 5B5A
1 33EB
1 2BD1
1 94E6
0 0000
0 0000
0 0000
0 0000
0 0000
0 0000
0 0000
0 0000
0 0000
0 0000
0 0000
1 003F
1 644D
1 B1BF
1 B791
1 AA9D
1 F9EC
1 B1F6
1 C6FE
1 D60E
1 E57C
1 FE9C
1 B58D
1 D6B9
1 B8BE
1 5539
1 2E8C
1 B7A3
1 EB4E
1 8AEA
1 48E1
1 E344
1 85A5
1 9883
1 6140
1 14C6
1 6653
1 3F15
1 C4F4
1 AF56
1 1A30
1 42B4
1 23F0
1 DD71
0 0000
0 0000
0 0000
0 0000
0 0000
0 0000
0 0000
0 0000
0 0000
0 0000
0 0000
1 0040
1 196C
1 5548
1 DECE
1 CE4C
1 177F
1 B863
1 5332
1 264B
1 18AA
1 FF63
1 5004
1 37DD
1 D652
1 0886
1 A75F
1 C455
1 5C43
1 032E
1 B12D
1 E194
1 E6EB
1 8DB9
1 20A7
1 3BB2
1 1D5A
1 0124
1 9E24
1 A0A1
1 3C65
1 D26F
1 A224
1 943E
0 0000
0 0000
0 0000
0 0000
0 0000
0 0000
0 0000
0 0000
0 0000
0 0000
0 0000
1 0041
1 5C8B
1 ED24
1 8997
1 0E89
1 CFDF
1 3BE0
1 75E0
1 389E
1 9A23
1 AA03
1 FD72
1 6A0B
1 64A5
1 0045
1 3559
1 FB1A
1 BEB1
1 E637
1 894B
1 3DCD
1 449D
1 9178
1 A20D
1 1055
1 E342
1 9729
1 6898
1 C517
1 9A21
1 237D
1 C219
1 849B
1 CC40
0 0000
0 0000
0 0000
0 0000
0 0000
0 0000
0 0000
0 0000
0 0000
0 0000
0 0000
1 0042
1 61B1
1 1172
1 251D
1 5453
1 F6DD
1 CE07
1 2D4A
1 32B1
1 20A7
1 7A91
1 63FE
1 235E
1 AEB9
1 BDB3
1 7343
1 7160
1 F37F
1 DCE8
1 B4F3
1 351F
1 A2BC
1 5240
1 A4CA
1 421B
1 F79D
1 776C
1 B748
1 5315
1 74DF
1 9F7E
1 028C
1 3189
1 EBBB
0 0000
0 0000
0 0000
0 0000
0 0000
0 0000
0 0000
0 0000
0 0000
0 0000
0 0000
1 0043
1 A4DE
1 2E70
1 43BF
1 17E9
1 4A3A
1 552F
1 84D5
1 85CC
1 D495
1 2345
1 B892
1 C9F9
1 5256
1 DAF0
1 827F
1 33C5
1 D100
1 255D
1 ADC8
1 E92E
1 DDB0
1 1745
1 23B9
1 E357
1 90D1
1 98BD
1 2F15
1 8335
1 55BE
1 0338
1 4E63
1 72C2
1 F910
1 4B91
0 0000
0 0000
0 0000
0 0000
0 0000
0 0000
0 0000
0 0000
0 0000
0 0000
0 0000
1 0044
1 31DB
1 DAC6
1 87A5
1 B991
1 BBC1
1 8117
1 EDE8
1 992F
1 F2B3
1 399F
1 DAE4
1 CA0E
1 F480
1 6C81
1 4732
1 39CF
1 B66E
1 FB89
1 D996
1 0692
1 51B8
1 13F0
1 307E
1 CDA7
1 0AF1
1 8DC4
1 B06F
1 9DCE
1 0A30
1 08CB
1 58C9
1 DCC1
1 85A1
1 CDEA
0 0000
0 0000
0 0000
0 0000
0 0000
0 0000
0 0000
0 0000
0 0000
0 0000
0 0000
1 0045
1 63E9
1 0C29
1 334C
1 DDF1
1 5D73
1 D28B
1 C36E
1 51C2
1 3907
1 2FFB
1 192E
1 F214
1 B031
1 4495
1 FDF8
1 E5F6
1 FB81
1 72C0
1 09BA
1 4202
1 8065
1 595E
1 E434
1 00A1
1 9F98
1 9334
1 CDF5
1 9848
1 6513
1 46D0
1 C35F
1 DEDA
1 1DA1
1 CDC6
1 8C2A
0 0000
0 0000
0 0000
0 0000
0 0000
0 0000
0 0000
0 0000
0 0000
0 0000
0 0000
1 0046
1 B32F
1 85DE
1 213A
1 358A
1 A6A4
1 6AA6
1 BA77
1 127F
1 C908
1 BB14
1 D70D
1 101B
1 5088
1 F4ED
1 16E6
1 C0A8
1 E322
1 F5E9
1 48E8
1 6632
1 54C1
1 7B03
1 C0AA
1 D3F8
1 0A31
1 F57E
1 9EDC
1 0009
1 35AB
1 4FCC
1 1207
1 61C3
1 FBB1
1 5D54
1 186C
0 0000
0 0000
0 0000
0 0000
0 0000
0 0000
0 0000
0 0000
0 0000
0 0000
0 0000
1 0047
1 2204
1 AF7B
1 B797
1 95A8
1 AA8C
1 8885
1 C6EE
1 A204
1 B5F7
1 4234
1 2B98
1 61BF
1 4BC3
1 8CC8
1 99E6
1 5346
1 9EA5
1 25BB
1 B8E3
1 2E40
1 B2BB
1 4E56
1 4FF2
1 0B83
1 6895
1 6C34
1 CB22
1 60B2
1 3BB3
1 F65E
1 D42E
1 2F22
1 8B71
1 72EF
1 CE37
1 80E6
0 0000
0 0000
0 0000
0 0000
0 0000
0 0000
0 0000
0 0000
0 0000
0 0000
0 0000
1 0048
1 3ED0
1 42CF
1 A572
1 FC7F
1 9FE9
1 4C6B
1 9F19
1 E9C0
1 50BC
1 F528
1 8ED4
1 0086
1 E8A9
1 7939
1 00F3
1 E46A
1 FCF9
1 902C
1 2C17
1 97F3
1 4EA6
1 0C1D
1 E5D6
1 8293
1 0E28
1 5804
1 8521
1 ABAA
1 C74B
1 C708
1 452A
1 C0BF
1 81EF
1 E1C5
1 FF44
1 E1CA
0 0000
0 0000
0 0000
0 0000
0 0000
0 0000
0 0000
0 0000
0 0000
0 0000
0 0000
1 0049
1 17C0
1 BC9F
1 FD63
1 5C40
1 4DDD
1 E0AB
1 234E
1 F369
1 FD95
1 950A
1 2773
1 3A6B
1 592B
1 2E36
1 D4BD
1 B9C3
1 961D
1 720D
1 98DA
1 6D82
1 34C5
1 78FC
1 8253
1 E981
1 05B0
1 985B
1 27FE
1 8951
1 F26E
1 F6CA
1 AE81
1 B2A9
1 4664
1 A9FA
1 F3B7
1 FD58
1 D308
0 0000
0 0000
0 0000
0 0000
0 0000
0 0000
0 0000
0 0000
0 0000
0 0000
0 0000
1 004A
1 8C92
1 C888
1 F9A0
1 A4AE
1 2D7F
1 ABF6
1 CCC7
1 2B93
1 9B55
1 C1B2
1 366B
1 C92D
1 BC65
1 8B56
1 1731
1 EC0C
1 B0FC
1 EC0D
1 4BC9
1 EFFC
1 E263
1 BC94
1 1A3C
1 80F5
1 E2F7
1 7F80
1 1911
1 5977
1 C75A
1 2C71
1 0C28
1 CF8A
1 C352
1 A743
1 C68A
1 C6BC
1 4779
0 0000
0 0000
0 0000
0 0000
0 0000
0 0000
0 0000
0 0000
0 0000
0 0000
0 0000
1 004B
1 D3C6
1 C20D
1 3C13
1 0CD7
1 2CFE
1 5E8E
1 F0B3
1 4323
1 3002
1 D94E
1 F628
1 85C1
1 B108
1 A5A9
1 DEDD
1 148B
1 9BF6
1 FB4F
1 4135
1 D1F6
1 9F49
1 FD49
1 99B9
1 C412
1 3DE5
1 5165
1 0451
1 3AAA
1 6601
1 4461
1 8DCC
1 28AF
1 323E
1 C24F
1 BA3A
1 9C6E
1 0160
1 AA72
0 0000
0 0000
0 0000
0 0000
0 0000
0 0000
0 0000
0 0000
0 0000
0 0000
0 0000
1 004C
1 75B5
1 25B0
1 7330
1 F611
1 2078
1 2A56
1 B414
1 B1B0
1 794F
1 6C95
1 F3F7
1 230D
1 59BF
1 376E
1 31F5
1 DDC0
1 50BF
1 A2A2
1 0F88
1 6E88
1 1610
1 EF3F
1 E464
1 B228
1 83EA
1 78AD
1 EBE9
1 74FA
1 81DB
1 7A86
1 F41B
1 14B7
1 176A
1 223D
1 2255
1 201C
1 5F65
1 7AE9
0 0000
0 0000
0 0000
0 0000
0 0000
0 0000
0 0000
0 0000
0 0000
0 0000
0 0000
1 004D
1 BF00
1 AC0C
1 150C
1 0BAF
1 0EF9
1 41D8
1 F0DA
1 A7D2
1 20ED
1 5E68
1 5CDB
1 C1E9
1 037F
1 3BEF
1 FA9A
1 B47D
1 EEAE
1 5894
1 8D05
1 AC58
1 203E
1 1529
1 BF44
1 2C5F
1 B511
1 94E3
1 A199
1 8FAA
1 1126
1 FBDB
1 802D
1 EECC
1 39DB
1 A8F8
1 38C2
1 B31D
1 58FE
1 ECDE
1 9574
0 0000
0 0000
0 0000
0 0000
0 0000
0 0000
0 0000
0 0000
0 0000
0 0000
0 0000
1 004E
1 6764
1 F28F
1 3E30
1 1797
1 3925
1 7543
1 F95B
1 5B03
1 71AD
1 F67A
1 3559
1 710E
1 EC4A
1 C65F
1 6B96
1 CA1F
1 CA69
1 1B22
1 0A85
1 224D
1 567D
1 AF35
1 AE5D
1 1E4C
1 3177
1 A45D
1 D2FE
1 5D2C
1 C3CD
1 BD68
1 7E77
1 A358
1 79ED
1 0DE2
1 A7F3
1 60AF
1 4B5E
1 1DD9
1 0C06
0 0000
0 0000
0 0000
0 0000
0 0000
0 0000
0 0000
0 0000
0 0000
0 0000
0 0000
1 004F
1 0994
1 FFA6
1 DEAE
1 F219
1 D946
1 F762
1 6C66
1 C1CB
1 51FC
1 C296
1 853B
1 CA13
1 4E25
1 9D5B
1 A30D
1 EF7A
1 E6F9
1 276D
1 12DB
1 3AB3
1 0A76
1 B944
1 C044
1 3E6A
1 FC0B
1 29BE
1 40C4
1 3E72
1 1590
1 9E81
1 6C41
1 3308
1 02AF
1 CB84
1 E630
1 414E
1 A511
1 6CF8
1 991F
1 E2FC
0 0000
0 0000
0 0000
0 0000
0 0000
0 0000
0 0000
0 0000
0 0000
0 0000
0 0000
1 0050
1 5937
1 E47C
1 AB56
1 2145
1 2CBA
1 EC6C
1 564B
1 C86B
1 9A91
1 EE82
1 441D
1 3B9C
1 45AD
1 0517
1 8CA9
1 4F91
1 B5BE
1 75EA
1 517C
1 EAAA
1 35B8
1 9AB8
1 DD23
1 65CF
1 A7E7
1 B331
1 A10A
1 2D79
1 62F8
1 9487
1 25FE
1 5A05
1 83BF
1 B724
1 0427
1 91E2
1 11ED
1 901B
1 8044
1 8C9A
0 0000
0 0000
0 0000
0 0000
0 0000
0 0000
0 0000
0 0000
0 0000
0 0000
0 0000
1 0051
1 4420
1 E845
1 5B03
1 0CF5
1 2334
1 C51A
1 6120
1 C5D9
1 08B5
1 2231
1 4BE1
1 0787
1 51DD
1 15F8
1 D778
1 162A
1 78BF
1 D12F
1 67B0
1 11A3
1 C647
1 3E3E
1 71A2
1 0019
1 6DDC
1 8E99
1 EA0C
1 A8BB
1 1FC1
1 DB90
1 F426
1 C9BE
1 BD97
1 CE95
1 EDFF
1 E7C0
1 8725
1 D7C2
1 5BD2
1 6CE4
1 A976
0 0000
0 0000
0 0000
0 0000
0 0000
0 0000
0 0000
0 0000
0 0000
0 0000
0 0000
1 0052
1 C445
1 600E
1 2F18
1 3FB4
1 BAF6
1 0C21
1 C593
1 CB2C
1 9931
1 191F
1 F914
1 D917
1 68F8
1 5F58
1 5360
1 7498
1 690E
1 001C
1 D1AF
1 FD9D
1 7DB0
1 DFFE
1 D057
1 A0A0
1 5EDA
1 4C2B
1 8F75
1 0912
1 7B99
1 21DD
1 81A2
1 61CB
1 6A8C
1 FBB6
1 5590
1 3F29
1 8B6A
1 B5B1
1 025D
1 A43C
1 1F50
0 0000
0 0000
0 0000
0 0000
0 0000
0 0000
0 0000
0 0000
0 0000
0 0000
0 0000
1 0053
1 709F
1 4EF9
1 8F56
1 EC14
1 B773
1 33FB
1 2416
1 353A
1 2C72
1 B46E
1 03CA
1 777B
1 C891
1 3532
1 314C
1 447B
1 B060
1 B6EB
1 7C1D
1 C400
1 F26F
1 FF8B
1 468E
1 2C2A
1 4552
1 C484
1 90BC
1 501D
1 5FF6
1 7E84
1 D32F
1 A123
1 EB7A
1 93DA
1 5633
1 3F5D
1 808A
1 1D9E
1 9D79
1 F9E0
1 3964
1 0850
0 0000
0 0000
0 0000
0 0000
0 0000
0 0000
0 0000
0 0000
0 0000
0 0000
0 0000
1 0054
1 9681
1 CA98
1 0C9C
1 B0AE
1 5749
1 2D4D
1 AA30
1 8B9F
1 7718
1 9A8B
1 4EAD
1 D7C1
1 D01F
1 D325
1 A522
1 4E2D
1 61BE
1 188B
1 6725
1 7469
1 3ECA
1 FCDE
1 8A89
1 7BEA
1 D907
1 BE1F
1 80AF
1 92BA
1 A85B
1 CB01
1 2AD3
1 F0A8
1 79EB
1 F333
1 6D89
1 D2DF
1 3FF8
1 7CC9
1 92FF
1 3F53
1 B518
1 90DA
0 0000
0 0000
0 0000
0 0000
0 0000
0 0000
0 0000
0 0000
0 0000
0 0000
0 0000
1 0055
1 FB5D
1 74BD
1 8712
1 B891
1 365A
1 85BA
1 EDAC
1 D96C
1 49FC
1 6C2D
1 4670
1 D273
1 66C9
1 E33D
1 32B0
1 3C38
1 A9DA
1 E7F7
1 682A
1 01BD
1 D0B1
1 FD05
1 AADC
1 A089
1 360B
1 3836
1 A9EE
1 C143
1 772B
1 430B
1 529B
1 94C6
1 7E72
1 AE7D
1 B277
1 0ED7
1 46AC
1 CC43
1 2D99
1 9459
1 4384
1 680D
1 3E28
0 0000
0 0000
0 0000
0 0000
0 0000
0 0000
0 0000
0 0000
0 0000
0 0000
0 0000
1 0056
1 6D5E
1 F777
1 A260
1 3F57
1 DBBA
1 252B
1 42D6
1 43FB
1 D4C6
1 A926
1 BE90
1 3DE0
1 692F
1 E308
1 5774
1 0F28
1 DBE4
1 5ADB
1 7C52
1 745D
1 5ECC
1 706E
1 2B17
1 F9A4
1 C56D
1 84D4
1 AB22
1 B4C2
1 4B7A
1 8EA3
1 4664
1 AE35
1 1DAC
1 CE64
1 55F8
1 5AD2
1 F324
1 3078
1 E115
1 33FD
1 9048
1 F6E8
1 DB2A
0 0000
0 0000
0 0000
0 0000
0 0000
0 0000
0 0000
0 0000
0 0000
0 0000
0 0000
1 0057
1 7A77
1 8A8F
1 BD2F
1 13E0
1 1094
1 8BED
1 5FF0
1 47AB
1 08C2
1 C0D1
1 090C
1 A509
1 E793
1 1D53
1 0CAE
1 07DF
1 E52A
1 A869
1 AA7F
1 4FC3
1 40DB
1 02F3
1 ACA6
1 D0DB
1 CC71
1 B7A0
1 E241
1 DA92
1 9545
1 91C6
1 D87A
1 AE53
1 9068
1 D451
1 E0BD
1 C7B5
1 FA70
1 FD97
1 C081
1 2F2F
1 CD66
1 10BD
1 67D8
1 8045
0 0000
0 0000
0 0000
0 0000
0 0000
0 0000
0 0000
0 0000
0 0000
0 0000
0 0000
1 0058
1 362C
1 CFC8
1 5E03
1 D97C
1 EA8F
1 F11A
1 163C
1 5946
1 8BEE
1 717F
1 09B4
1 1434
1 85DE
1 E98D
1 54BE
1 7EF6
1 794D
1 76C3
1 918F
1 7584
1 5D7E
1 7779
1 013F
1 89FC
1 8689
1 9DC5
1 F434
1 8B70
1 5F31
1 154A
1 D560
1 4135
1 9949
1 220D
1 FAD4
1 E174
1 F95B
1 906D
1 B02D
1 35AE
1 27B2
1 74CE
1 7412
1 0A31
0 0000
0 0000
0 0000
0 0000
0 0000
0 0000
0 0000
0 0000
0 0000
0 0000
0 0000
1 0059
1 41F3
1 EFEC
1 9B91
1 36B0
1 8523
1 F7EE
1 DFE8
1 63AA
1 BE6B
1 7645
1 1BE8
1 DC13
1 1C27
1 0FC1
1 18A8
1 31E6
1 445C
1 31AA
1 AF2A
1 3869
1 0D85
1 667E
1 DBFF
1 D69A
1 26E0
1 8B09
1 C199
1 E5E8
1 F17D
1 1489
1 01B7
1 6964
1 90AD
1 88C6
1 7EB3
1 828E
1 2680
1 7F9B
1 9A0F
1 C055
1 B55A
1 ED94
1 E026
1 B548
1 C71B
0 0000
0 0000
0 0000
0 0000
0 0000
0 0000
0 0000
0 0000
0 0000
0 0000
0 0000
1 005A
1 EF1F
1 DEA6
1 3786
1 DEFE
1 BA0A
1 F43B
1 4E2D
1 5591
1 7D7C
1 083C
1 AA8B
1 C50C
1 E021
1 A4F8
1 A24F
1 99A0
1 48C9
1 E85F
1 B73C
1 751B
1 FE43
1 9DAA
1 6DE7
1 08BE
1 8241
1 F0FD
1 4B50
1 0FE2
1 2D1A
1 ACE7
1 AE6F
1 99BF
1 3D5D
1 1776
1 08D4
1 8298
1 1B53
1 57EE
1 B9DD
1 F493
1 3420
1 9A2C
1 03A7
1 27A9
1 74A8
0 0000
0 0000
0 0000
0 0000
0 0000
0 0000
0 0000
0 0000
0 0000
0 0000
0 0000
1 005B
1 760A
1 8E08
1 C922
1 360A
1 0473
1 6C5F
1 3960
1 FB6C
1 9229
1 C78E
1 C2E8
1 B03B
1 FCD6
1 3AA5
1 B22D
1 1944
1 C774
1 380F
1 1A23
1 6693
1 D579
1 AC6F
1 888C
1 855B
1 F13D
1 A844
1 9CD9
1 8993
1 0081
1 8110
1 B556
1 6819
1 B924
1 23DE
1 4ACF
1 B269
1 D9F2
1 51AC
1 4EF8
1 A982
1 C388
1 5DC5
1 D78E
1 E53F
1 BC67
1 4180
0 0000
0 0000
0 0000
0 0000
0 0000
0 0000
0 0000
0 0000
0 0000
0 0000
0 0000
1 005C
1 C14F
1 4E6E
1 4E56
1 6ACC
1 7CA8
1 82EB
1 BF6D
1 518B
1 A8AC
1 6C63
1 DB43
1 F43E
1 EF16
1 C52B
1 9398
1 3866
1 E56C
1 5F53
1 7788
1 BD92
1 A964
1 C8E7
1 99E4
1 65EB
1 E3FC
1 260A
1 AF93
1 8031
1 9BD0
1 8C2B
1 AB0D
1 498D
1 7223
1 FDBF
1 8571
1 D839
1 8F91
1 47C4
1 78C9
1 AC58
1 1889
1 46C7
1 62C8
1 3F61
1 5C7C
1 C033
0 0000
0 0000
0 0000
0 0000
0 0000
0 0000
0 0000
0 0000
0 0000
0 0000
0 0000
1 005D
1 BAA6
1 04CE
1 1FA7
1 F717
1 AFE1
1 C5AF
1 E0B2
1 039A
1 56ED
1 7A26
1 6A98
1 01B7
1 B1C8
1 7CE8
1 A9E8
1 DD0E
1 B0F1
1 722D
1 5181
1 0AEC
1 FC98
1 2F8B
1 2431
1 CD20
1 2992
1 ED5F
1 9B02
1 E93E
1 70D3
1 03C5
1 B0BC
1 4117
1 34A5
1 2E5A
1 68C3
1 C68C
1 4390
1 CD68
1 15AF
1 AEF3
1 A7D1
1 E47A
1 A669
1 557B
1 D818
1 DC11
1 7C06
0 0000
0 0000
0 0000
0 0000
0 0000
0 0000
0 0000
0 0000
0 0000
0 0000
0 0000
1 005E
1 348F
1 B409
1 0443
1 29D7
1 523B
1 4FF1
1 C3D8
1 D395
1 BE15
1 643B
1 A3CC
1 8E82
1 1574
1 B446
1 905F
1 E699
1 F4B6
1 7D0F
1 080F
1 BBA8
1 377C
1 74B1
1 6666
1 3BBE
1 80CD
1 0019
1 E41A
1 C2E1
1 BCED
1 5D34
1 32CF
1 188B
1 77FE
1 C480
1 2B75
1 7832
1 18DF
1 14AA
1 D31B
1 5493
1 04D8
1 A7EA
1 5453
1 3F35
1 62E5
1 E7D7
1 229A
0 0000
0 0000
0 0000
0 0000
0 0000
0 0000
0 0000
0 0000
0 0000
0 0000
0 0000
1 005F
1 82CE
1 299F
1 2DB7
1 781F
1 1781
1 B70C
1 8112
1 CDC8
1 F985
1 9F03
1 843E
1 3093
1 A616
1 F32A
1 4F56
1 5466
1 BA81
1 7BF6
1 6DD5
1 3622
1 8FAB
1 1C4B
1 3ABC
1 5FD7
1 7EFD
1 F632
1 6009
1 FDF7
1 44FE
1 7793
1 DB79
1 3547
1 1B1E
1 E830
1 BEF9
1 AC01
1 7B43
1 DF19
1 A3FF
1 14FD
1 30D0
1 A659
1 7D27
1 A17A
1 569B
1 5215
1 91E7
1 ED58
0 0000
0 0000
0 0000
0 0000
0 0000
0 0000
0 0000
0 0000
0 0000
0 0000
0 0000
1 0060
1 F69F
1 B17A
1 5693
1 EE94
1 A67F
1 7252
1 35A3
1 3307
1 EE9A
1 B9C0
1 0AF0
1 2F9B
1 754B
1 84B8
1 6B28
1 68C1
1 8FD0
1 F138
1 14F1
1 9378
1 EBE0
1 40E4
1 AD28
1 5D35
1 DAC9
1 9595
1 8354
1 6208
1 9EBB
1 5C08
1 3EC2
1 4B86
1 6175
1 58C9
1 B0FF
1 D010
1 C010
1 F385
1 2FA7
1 26D8
1 A17D
1 6698
1 BB8F
1 DA5F
1 C61E
1 06A6
1 B080
1 DABD
0 0000
0 0000
0 0000
0 0000
0 0000
0 0000
0 0000
0 0000
0 0000
0 0000
0 0000
1 0061
1 619E
1 9BAF
1 4DD0
1 8ADD
1 2D61
1 5BFF
1 06B5
1 2201
1 7C56
1 4F32
1 B657
1 68DF
1 5A2D
1 E9B1
1 A772
1 7D5A
1 9324
1 9ECE
1 B00C
1 553C
1 86F3
1 7438
1 732C
1 05D0
1 A409
1 7C5E
1 101D
1 9AE3
1 023E
1 3235
1 5147
1 B843
1 4143
1 8661
1 9BC9
1 0898
1 6785
1 D0A2
1 EC09
1 750E
1 2312
1 66AA
1 82CD
1 4A62
1 C37C
1 20ED
1 5C71
1 109F
1 B1DF
0 0000
0 0000
0 0000
0 0000
0 0000
0 0000
0 0000
0 0000
0 0000
0 0000
0 0000
1 0062
1 3FA9
1 1A23
1 C011
1 DB8B
1 5E87
1 2C21
1 DA08
1 D1FF
1 CE9E
1 3FC5
1 1A0C
1 43D2
1 2F9B
1 4F11
1 BE2D
1 9AEF
1 A306
1 395F
1 7C1D
1 0EA3
1 C650
1 B34A
1 FAB7
1 6A6E
1 7121
1 FE12
1 66A6
1 DDEC
1 7BA0
1 7A1E
1 89CF
1 EEDB
1 31A5
1 8233
1 2D08
1 C832
1 079E
1 8400
1 AEDF
1 4B98
1 5787
1 A68E
1 CD29
1 5A5C
1 4607
1 8E53
1 31A0
1 D1B8
1 DEB6
0 0000
0 0000
0 0000
0 0000
0 0000
0 0000
0 0000
0 0000
0 0000
0 0000
0 0000
1 0063
1 D437
1 193B
1 2D0B
1 D90C
1 DAA2
1 4B3D
1 E639
1 1543
1 318C
1 E7CA
1 A4FB
1 E2FD
1 EE89
1 5B60
1 6331
1 4025
1 4F1A
1 FF15
1 70FE
1 EE0D
1 CE60
1 E0EB
1 91E1
1 6AFB
1 A3E9
1 32B3
1 4996
1 FF34
1 83D5
1 95D9
1 74A2
1 AA0C
1 96EB
1 55C6
1 E9AA
1 5B11
1 A390
1 6996
1 8421
1 6F84
1 E360
1 C08C
1 45C8
1 AEA5
1 C45E
1 F4D9
1 FD1D
1 8D4E
1 85F7
1 13AA
0 0000
0 0000
0 0000
0 0000
0 0000
0 0000
0 0000
0 0000
0 0000
0 0000
0 0000
1 0064
1 6D63
1 4872
1 90E3
1 F205
1 D595
1 8E83
1 BFD4
1 6B8C
1 1B3C
1 305C
1 8C2D
1 4D79
1 06CD
1 1D7D
1 3C9E
1 D102
1 697C
1 CF7E
1 2B7A
1 EB36
1 E62A
1 D80E
1 113C
1 6F77
1 8167
1 FFC4
1 5484
1 4489
1 7829
1 3078
1 4ACA
1 9B39
1 F9B7
1 84B1
1 2999
1 6A22
1 9244
1 B93C
1 DF68
1 7263
1 751B
1 F4EC
1 FF18
1 57E7
1 4D24
1 CAC1
1 947D
1 9432
1 6569
1 F3FD
0 0000
0 0000
0 0000
0 0000
0 0000
0 0000
0 0000
0 0000
0 0000
0 0000
0 0000
1 0065
1 2EEE
1 5E3B
1 3059
1 4522
1 52C5
1 9B71
1 6AE5
1 5724
1 48A0
1 E34A
1 BA90
1 F557
1 7F55
1 50F2
1 3A7F
1 BCFC
1 B8F3
1 D796
1 B8CA
1 449B
1 D719
1 1058
1 42C5
1 C182
1 2B76
1 3002
1 3055
1 D9BF
1 DD50
1 9C5E
1 7625
1 192B
1 2642
1 B8F8
1 0F09
1 9FA9
1 E53D
1 A2FA
1 F438
1 D880
1 A44C
1 8927
1 54D5
1 2848
1 55DF
1 8E83
1 552E
1 764D
1 D6C4
1 D6F4
1 F3CE
0 0000
0 0000
0 0000
0 0000
0 0000
0 0000
0 0000
0 0000
0 0000
0 0000
0 0000
1 0066
1 5652
1 B2B5
1 EF6D
1 A448
1 5BF0
1 D5E2
1 6613
1 9044
1 9847
1 FF1D
1 D14A
1 A36B
1 C555
1 3341
1 1CCF
1 46C5
1 A9F1
1 50AC
1 F04A
1 9C9E
1 FCA3
1 1D95
1 0D95
1 E228
1 14D3
1 2377
1 6FFD
1 1B0D
1 20E3
1 1F5A
1 E33A
1 38F6
1 AD15
1 5DBF
1 029B
1 56E6
1 800A
1 501F
1 F2AD
1 EDB7
1 BDB8
1 0E5F
1 90CD
1 EEA2
1 98BA
1 EB3D
1 D131
1 1543
1 FBBE
1 7AC6
1 4B10
0 0000
0 0000
0 0000
0 0000
0 0000
0 0000
0 0000
0 0000
0 0000
0 0000
0 0000
1 0067
1 17F5
1 3F1D
1 4681
1 0741
1 BBF3
1 A706
1 A708
1 D4CD
1 9BE8
1 5CA1
1 FAED
1 7770
1 3946
1 62AA
1 2766
1 8A3C
1 01F1
1 2456
1 CCD3
1 FB4D
1 E179
1 DA35
1 D179
1 6DBE
1 2D3E
1 052C
1 B1EA
1 0BF9
1 791E
1 008C
1 BEBC
1 AC35
1 1D9B
1 A22A
1 BB8F
1 4F04
1 1893
1 09D4
1 B7A3
1 B3B9
1 029D
1 815C
1 F26A
1 ADA2
1 FCE6
1 6AB3
1 E891
1 6514
1 54AB
1 ACE0
1 380D
1 17CE
0 0000
0 0000
0 0000
0 0000
0 0000
0 0000
0 0000
0 0000
0 0000
0 0000
0 0000
1 0068
1 1429
1 572C
1 4708
1 57A4
1 621F
1 78D0
1 DD4A
1 3569
1 917E
1 5C96
1 3394
1 B237
1 DBAE
1 B4D3
1 83CD
1 8A56
1 1248
1 2AFE
1 C2C4
1 968A
1 C21D
1 0429
1 2380
1 A43E
1 13C2
1 9902
1 B4C6
1 7E77
1 A9B4
1 D7DE
1 CF98
1 4153
1 C66D
1 1174
1 3CF1
1 0460
1 590F
1 7E46
1 FED1
1 AFC7
1 440B
1 398D
1 3FBD
1 C9E9
1 397F
1 857A
1 95E7
1 A887
1 FB8C
1 8757
1 1529
1 233E
0 0000
0 0000
0 0000
0 0000
0 0000
0 0000
0 0000
0 0000
0 0000
0 0000
0 0000
1 0069
1 1A54
1 4C58
1 F793
1 8FB3
1 7E05
1 A505
1 71B1
1 571A
1 716F
1 34B1
1 5486
1 7E37
1 6087
1 9454
1 E629
1 93B7
1 474A
1 E671
1 924E
1 EE10
1 10A8
1 1393
1 0C2D
1 B988
1 B6AA
1 AB86
1 0011
1 BB70
1 05AD
1 4EF5
1 EE8D
1 6741
1 B312
1 A7CD
1 F5CF
1 6904
1 1741
1 06BC
1 A1F2
1 CF35
1 FD6D
1 16F0
1 8C69
1 A1EF
1 000C
1 4588
1 2A6D
1 96FA
1 1D78
1 E927
1 E374
1 BE19
1 91CD
0 0000
0 0000
0 0000
0 0000
0 0000
0 0000
0 0000
0 0000
0 0000
0 0000
0 0000
1 006A
1 FCEF
1 32E4
1 7120
1 DBED
1 8FCC
1 CDC5
1 EB17
1 64C4
1 14B1
1 09CD
1 C4A9
1 AA74
1 3AC5
1 73C1
1 928E
1 2AA4
1 BDF6
1 381B
1 0E13
1 333A
1 0A81
1 AAF7
1 8DBD
1 7A17
1 8EED
1 AD05
1 C9B8
1 6F71
1 DDF2
1 63E8
1 1EA7
1 0CDF
1 563F
1 8E92
1 3396
1 06B8
1 7242
1 2C00
1 1A34
1 9132
1 C078
1 FA69
1 9E59
1 7B1C
1 F385
1 05CB
1 16D7
1 BF52
1 FE2E
1 0145
1 2F12
1 43DC
1 50CC
0 0000
0 0000
0 0000
0 0000
0 0000
0 0000
0 0000
0 0000
0 0000
0 0000
0 0000
1 006B
1 A31D
1 02E1
1 3474
1 E5FA
1 F370
1 6A0D
1 5DD0
1 91EF
1 B3C0
1 7BEF
1 8DCE
1 3701
1 44A7
1 8D86
1 AFB1
1 25AB
1 93D7
1 9516
1 C3B1
1 ED8C
1 9EBF
1 9F0E
1 3AE3
1 946F
1 73DA
1 4495
1 4071
1 948F
1 9B88
1 2C7F
1 44B6
1 00B7
1 D8FC
1 35E9
1 0E9C
1 7B76
1 5223
1 ABD6
1 EA9A
1 95AB
1 B58B
1 3217
1 5AAE
1 F55E
1 D8A7
1 C1A2
1 5085
1 BEE8
1 BD9C
1 1936
1 054A
1 FB44
1 9ED2
1 25A1
0 0000
0 0000
0 0000
0 0000
0 0000
0 0000
0 0000
0 0000
0 0000
0 0000
0 0000
1 006C
1 1EF9
1 F074
1 8243
1 4EAE
1 9A83
1 FBD4
1 061B
1 E6B8
1 93E6
1 7376
1 5411
1 ED5C
1 0B1C
1 FCF8
1 8960
1 45DB
1 72A2
1 814D
1 A12E
1 504C
1 3020
1 2EA2
1 C1A8
1 DCDC
1 1849
1 0EF9
1 7362
1 F60B
1 5626
1 AD29
1 A50D
1 C051
1 7E4A
1 5E5C
1 59E5
1 8323
1 09E5
1 C17D
1 8CC4
1 8D34
1 962C
1 3D7D
1 EACF
1 9225
1 C33D
1 1480
1 BE49
1 1C7E
1 11F2
1 E089
1 28F8
1 6564
1 F3EE
1 1E1C
0 0000
0 0000
0 0000
0 0000
0 0000
0 0000
0 0000
0 0000
0 0000
0 0000
0 0000
1 006D
1 74A6
1 3610
1 8CE8
1 D19F
1 D094
1 0E6E
1 FC0A
1 FF75
1 1174
1 0AAE
1 7E97
1 68E8
1 4C60
1 8F8B
1 4A12
1 747C
1 F9FC
1 6790
1 2A02
1 B77F
1 3477
1 2498
1 222A
1 4373
1 4D75
1 9940
1 B739
1 C480
1 BA4A
1 C606
1 4EA4
1 76C7
1 7DCD
1 BFE9
1 1D76
1 58F3
1 EC5A
1 883F
1 1C3E
1 00F9
1 C73B
1 3731
1 E379
1 2884
1 CA78
1 A12C
1 D570
1 534B
1 C38E
1 8BC8
1 F8E3
1 E083
1 FDE8
1 4E98
1 D156
0 0000
0 0000
0 0000
0 0000
0 0000
0 0000
0 0000
0 0000
0 0000
0 0000
0 0000
1 006E
1 BB5C
1 EF7A
1 A6A5
1 0204
1 5099
1 8894
1 A9D4
1 32B9
1 0881
1 0515
1 3BB3
1 BC79
1 F267
1 27E1
1 0BF7
1 B53C
1 2821
1 FF5D
1 E74C
1 0CDC
1 F872
1 1210
1 5D10
1 6153
1 D737
1 7386
1 601B
1 02C9
1 3CF7
1 F4A8
1 9CC1
1 3A6D
1 797E
1 1B04
1 05C7
1 FD45
1 D826
1 2A1C
1 767B
1 FDC5
1 0209
1 28C1
1 0C25
1 E620
1 F656
1 48C9
1 BDFF
1 C51C
1 2C59
1 B7EC
1 3308
1 65C0
1 7E96
1 3542
1 6CE6
0 0000
0 0000
0 0000
0 0000
0 0000
0 0000
0 0000
0 0000
0 0000
0 0000
0 0000
1 006F
1 865F
1 B635
1 B646
1 3EDF
1 8FED
1 2B2D
1 095A
1 84E0
1 66A5
1 F752
1 A358
1 FC44
1 54FA
1 1C35
1 0435
1 A7F1
1 B62C
1 4A81
1 6EBF
1 3B3C
1 6E50
1 8D0D
1 03B0
1 33E6
1 0F09
1 4862
1 A02A
1 C150
1 02A3
1 A8EF
1 CD9A
1 7408
1 4BF9
1 9B52
1 27C6
1 BEBA
1 B5C8
1 05E2
1 1F21
1 797F
1 6F1A
1 95EA
1 17CC
1 5763
1 40C3
1 E23F
1 3B39
1 0EA7
1 289C
1 F257
1 7E39
1 FC4D
1 E8AE
1 1433
1 051C
1 F5B1
0 0000
0 0000
0 0000
0 0000
0 0000
0 0000
0 0000
0 0000
0 0000
0 0000
0 0000
1 0070
1 1769
1 411E
1 C811
1 3581
1 F379
1 0B4F
1 3D7C
1 E684
1 5685
1 F36F
1 97D7
1 2CE4
1 4880
1 36E1
1 14D9
1 B22B
1 7CA9
1 AC9B
1 C300
1 C4F3
1 B5CB
1 ED96
1 97A3
1 6A4B
1 0714
1 90F2
1 FF58
1 A6C7
1 A2AA
1 6D6D
1 DB27
1 C8C1
1 F170
1 7EB6
1 449B
1 FE6C
1 1272
1 27D7
1 C247
1 9024
1 722C
1 DDF5
1 1A40
1 4D03
1 8312
1 DC84
1 7648
1 4934
1 8A9D
1 7148
1 DEFD
1 3020
1 02AE
1 5BD9
1 8AF9
1 65DE
0 0000
0 0000
0 0000
0 0000
0 0000
0 0000
0 0000
0 0000
0 0000
0 0000
0 0000
1 0071
1 EC86
1 CAA9
1 1D60
1 4CD2
1 F8E9
1 3E0F
1 E0A5
1 9165
1 57AB
1 6A7A
1 2AC1
1 7CF4
1 ED06
1 CEAF
1 A22A
1 406D
1 E127
1 E495
1 4651
1 FEC6
1 6F03
1 E61B
1 2890
1 AF8C
1 FED5
1 AEE7
1 5D7C
1 1147
1 0F7D
1 82B1
1 D445
1 8DD0
1 4FA6
1 7B76
1 01B0
1 5433
1 4083
1 9BEE
1 3F71
1 E58D
1 9961
1 88F6
1 DC32
1 FB8D
1 5DC3
1 5E73
1 BAC8
1 D599
1 3E50
1 0264
1 EF4B
1 B46C
1 F33C
1 FF0F
1 318A
1 8018
1 F9DC
0 0000
0 0000
0 0000
0 0000
0 0000
0 0000
0 0000
0 0000
0 0000
0 0000
0 0000
1 0072
1 4EE1
1 2382
1 0B98
1 C2E4
1 D3D3
1 6CD8
1 748E
1 AFD0
1 A3C9
1 3EC4
1 D202
1 EA0A
1 59DF
1 6F2E
1 159F
1 2EA0
1 3DC7
1 8749
1 7D7E
1 8951
1 5D5C
1 8473
1 82B9
1 875C
1 540A
1 E124
1 4065
1 A461
1 9B5A
1 26D9
1 AC81
1 B507
1 42EE
1 5DFA
1 9B56
1 C294
1 DBF0
1 137D
1 853D
1 A4F2
1 DB6B
1 A70D
1 C0FD
1 AE58
1 0A17
1 C70A
1 A5DE
1 A21C
1 F0F0
1 8CB1
1 3679
1 E12C
1 22CD
1 F26B
1 3C3C
1 16AE
1 94C3
0 0000
0 0000
0 0000
0 0000
0 0000
0 0000
0 0000
0 0000
0 0000
0 0000
0 0000
1 0073
1 4425
1 D66D
1 93D1
1 2289
1 9CE5
1 7BE2
1 674D
1 8652
1 3302
1 89C4
1 931E
1 3C02
1 C188
1 9E04
1 046D
1 83D6
1 20D0
1 93FA
1 47E7
1 571E
1 A230
1 EFB1
1 F28F
1 D945
1 2D37
1 DAE5
1 3362
1 8D06
1 BE47
1 E2B0
1 693A
1 B269
1 A860
1 8A0F
1 B9D0
1 C973
1 BB62
1 CB7A
1 8F8C
1 7393
1 59F8
1 6A6E
1 7739
1 8AB6
1 3B1D
1 5A02
1 CA94
1 1569
1 DF43
1 1058
1 CFC7
1 83C1
1 C5D5
1 B004
1 EAA6
1 E480
1 F96C
1 20FC
0 0000
0 0000
0 0000
0 0000
0 0000
0 0000
0 0000
0 0000
0 0000
0 0000
0 0000
1 0074
1 0770
1 5187
1 55EC
1 8FCC
1 7800
1 3FE5
1 9925
1 A150
1 AC89
1 53EA
1 F7C4
1 5829
1 27D1
1 CED5
1 09E2
1 5C6D
1 A2CB
1 E000
1 4B48
1 625B
1 E6C2
1 AAAB
1 8F84
1 BCB7
1 B0C0
1 74D9
1 AC27
1 67AB
1 0465
1 DE8A
1 8EFD
1 E1E3
1 4985
1 9AFD
1 6A47
1 B0AC
1 D3B8
1 78EB
1 C533
1 804A
1 F963
1 EC8D
1 844E
1 C8AE
1 9766
1 E611
1 C6FE
1 966B
1 C634
1 69AE
1 C6B7
1 5583
1 353D
1 6A1F
1 C43E
1 C6B8
1 67ED
1 C3AC
0 0000
0 0000
0 0000
0 0000
0 0000
0 0000
0 0000
0 0000
0 0000
0 0000
0 0000
1 0075
1 B4DD
1 5905
1 3368
1 BDEF
1 3489
1 3FA9
1 5473
1 6304
1 E81C
1 2845
1 5502
1 880B
1 B8B6
1 55FA
1 84CC
1 C1C5
1 4763
1 3F9D
1 673E
1 033B
1 0A22
1 08B4
1 DD3D
1 281B
1 23C0
1 4912
1 DFC0
1 0497
1 7C7F
1 5AC1
1 D90A
1 62EB
1 EE1F
1 FEB1
1 1D09
1 B18C
1 693B
1 5114
1 AE29
1 BEBD
1 7A98
1 6B5D
1 9EC9
1 ED97
1 675C
1 96E0
1 F0E8
1 0A74
1 9CBE
1 E7DA
1 AD72
1 8C29
1 CD58
1 E6AF
1 1690
1 BE26
1 82BE
1 99FE
1 47E4
0 0000
0 0000
0 0000
0 0000
0 0000
0 0000
0 0000
0 0000
0 0000
0 0000
0 0000
1 0076
1 14B9
1 8ED0
1 F45F
1 FA22
1 8B6F
1 2035
1 2B17
1 A19C
1 23AA
1 E9EB
1 68B1
1 0F80
1 7E89
1 12DE
1 D854
1 A53B
1 EB61
1 51D2
1 ADBE
1 884A
1 E663
1 BF3B
1 D1C0
1 C827
1 4F86
1 E8AE
1 54BB
1 1B3C
1 C930
1 011D
1 4BB5
1 E089
1 16AA
1 ED45
1 48B6
1 895F
1 F2BE
1 3BBB
1 8A79
1 2268
1 2C5D
1 2FE9
1 E246
1 CEE5
1 9B75
1 AF0A
1 0EC6
1 1445
1 FA27
1 E972
1 8AF9
1 B6BE
1 542C
1 2998
1 4549
1 5EA3
1 264D
1 CB55
1 5E90
0 0000
0 0000
0 0000
0 0000
0 0000
0 0000
0 0000
0 0000
0 0000
0 0000
0 0000
1 0077
1 C4A7
1 97A5
1 9981
1 991B
1 8A7C
1 C8E2
1 3A3C
1 E958
1 F1CB
1 5A65
1 9260
1 48B9
1 ED01
1 8434
1 80AB
1 6771
1 CDDB
1 3592
1 DB56
1 9EC8
1 41E9
1 5351
1 A662
1 61F6
1 0FDB
1 56BB
1 5F9D
1 86D9
1 F427
1 61B1
1 2CB4
1 5CEC
1 763A
1 8C11
1 D0B2
1 3664
1 CE42
1 361B
1 6083
1 A749
1 1596
1 49A7
1 B248
1 363C
1 138D
1 7D2F
1 1909
1 1164
1 688F
1 0058
1 66A6
1 D8EF
1 2C24
1 47FE
1 2064
1 2D39
1 C093
1 C15A
1 BF71
1 07A2
0 0000
0 0000
0 0000
0 0000
0 0000
0 0000
0 0000
0 0000
0 0000
0 0000
0 0000
1 0078
1 3927
1 DEB0
1 E79A
1 25E9
1 7681
1 EFA6
1 92FB
1 ECFD
1 85E4
1 6B32
1 B4FE
1 31FE
1 EDBC
1 0088
1 CA8C
1 8BC5
1 0942
1 CC96
1 3021
1 CD96
1 4EA4
1 AF95
1 5A40
1 4B7C
1 CDE2
1 EBC3
1 2966
1 3ECA
1 2E6E
1 0565
1 68E3
1 B214
1 3030
1 6A84
1 2AD2
1 88CA
1 AA2F
1 C8DC
1 A755
1 CBE2
1 4721
1 2B54
1 8B84
1 2DCC
1 61A7
1 204F
1 CD41
1 7380
1 BB17
1 03FA
1 8174
1 EC7F
1 8DF1
1 63FF
1 3285
1 EF70
1 C1D6
1 E60A
1 C001
1 3D6B
0 0000
0 0000
0 0000
0 0000
0 0000
0 0000
0 0000
0 0000
0 0000
0 0000
0 0000
1 0079
1 14E5
1 F8E9
1 1DDA
1 F081
1 4BA1
1 4BA8
1 CF14
1 CA2C
1 AEFD
1 2FFF
1 6C98
1 8DFA
1 ACC7
1 01D2
1 2EBF
1 E4A2
1 B339
1 BB76
1 0D13
1 F167
1 A298
1 5F09
1 D138
1 A4C7
1 FC60
1 5152
1 5F8F
1 6021
1 60F3
1 F7E5
1 D343
1 38A2
1 AD31
1 B99F
1 AFB6
1 FA5F
1 0F68
1 CAC3
1 3B83
1 6D9A
1 6826
1 E68A
1 AF01
1 F4DD
1 FA55
1 16EF
1 FC74
1 76D8
1 E590
1 A99B
1 FA1B
1 A82B
1 4CEE
1 8636
1 3442
1 BED4
1 A2D5
1 FC9A
1 C08B
1 FF56
1 F7BC
0 0000
0 0000
0 0000
0 0000
0 0000
0 0000
0 0000
0 0000
0 0000
0 0000
0 0000
1 007A
1 3289
1 427D
1 8B8F
1 A33D
1 98E9
1 5172
1 5042
1 6B95
1 129B
1 D61E
1 B450
1 4889
1 03A5
1 0B4B
1 4BDF
1 52AB
1 8B65
1 B83E
1 D8FE
1 71E8
1 4C7C
1 68DB
1 C6E4
1 DBD8
1 08B2
1 EF7F
1 185F
1 DC9E
1 8F12
1 26A3
1 09C6
1 2424
1 9527
1 4FBF
1 1797
1 0A76
1 6058
1 21E9
1 6EF9
1 0573
1 129E
1 C740
1 7444
1 D9A4
1 5E1E
1 0190
1 DF28
1 6FB0
1 463D
1 3DF2
1 01A8
1 6255
1 11A7
1 FACE
1 C7B3
1 E8D8
1 BE7B
1 E956
1 D8F0
1 33D6
1 2A58
0 0000
0 0000
0 0000
0 0000
0 0000
0 0000
0 0000
0 0000
0 0000
0 0000
0 0000
1 007B
1 4226
1 3EC5
1 B433
1 A53C
1 3787
1 2A7B
1 5408
1 8F3B
1 CB1F
1 6D06
1 B186
1 BE58
1 6A1E
1 132C
1 08ED
1 B918
1 8C03
1 8BBF
1 D036
1 9935
1 7339
1 4421
1 0C0F
1 0F51
1 FEDB
1 5A7B
1 CF6E
1 FA88
1 EB88
1 66A7
1 4453
1 7851
1 F2D8
1 54C0
1 A3F8
1 A2DC
1 DCE2
1 853B
1 3EF9
1 AAF3
1 2A08
1 AC6C
1 5F66
1 871F
1 D144
1 BD69
1 585B
1 E500
1 13C9
1 9C9B
1 8ADC
1 5C9F
1 E46E
1 C9D0
1 6CD0
1 72F1
1 7A29
1 9F4B
1 9404
1 2972
1 664E
1 BBA7
0 0000
0 0000
0 0000
0 0000
0 0000
0 0000
0 0000
0 0000
0 0000
0 0000
0 0000
1 007C
1 6808
1 A2FA
1 5D3D
1 F37D
1 0A80
1 692F
1 75A9
1 51CA
1 09BD
1 2815
1 310B
1 D4C8
1 3DDD
1 EB9D
1 BDCA
1 330F
1 5C6A
1 26F9
1 0EDA
1 E299
1 7EBD
1 D76C
1 E467
1 8A42
1 3202
1 9A66
1 418D
1 7063
1 966C
1 7B6E
1 F14B
1 0496
1 6F02
1 B509
1 4731
1 1F70
1 6399
1 9290
1 4C37
1 98C8
1 F14B
1 1784
1 9DCA
1 4F78
1 5264
1 1683
1 65CA
1 C99A
1 2486
1 C25D
1 9479
1 5027
1 62C5
1 1C1F
1 3F9D
1 A5DA
1 CD81
1 8935
1 7FFD
1 CCD3
1 6067
1 2DC2
0 0000
0 0000
0 0000
0 0000
0 0000
0 0000
0 0000
0 0000
0 0000
0 0000
0 0000
1 007D
1 0D3E
1 7C72
1 5AB3
1 1596
1 162E
1 0098
1 316A
1 2F39
1 926F
1 EB87
1 7D5B
1 FD00
1 80B2
1 F42F
1 3E45
1 C181
1 97F8
1 0FC5
1 E1E4
1 F9BC
1 2C96
1 59BA
1 83BA
1 1F2B
1 D082
1 2A74
1 0EAA
1 61E0
1 9F3C
1 F078
1 B28B
1 3A23
1 E8F6
1 ECF4
1 B7AE
1 163A
1 939D
1 2B6C
1 4DF1
1 2CBF
1 F101
1 F0D7
1 35D1
1 8E6B
1 3008
1 A5D5
1 0B90
1 B58E
1 B6A1
1 5C12
1 E327
1 1EE5
1 8C8E
1 10B5
1 1F7D
1 A4C9
1 D754
1 3273
1 2043
1 DA30
1 5D12
1 F941
1 F310
0 0000
0 0000
0 0000
0 0000
0 0000
0 0000
0 0000
0 0000
0 0000
0 0000
0 0000
1 007E
1 AE28
1 A0F0
1 E9EB
1 4FFF
1 0551
1 B350
1 78C0
1 3078
1 B5F4
1 E7F3
1 25D2
1 8E7B
1 B33D
1 93B9
1 60F5
1 1B85
1 6338
1 09A1
1 22D8
1 714A
1 98AE
1 8958
1 4E14
1 8C78
1 6815
1 1614
1 474C
1 99B3
1 7EFD
1 E8D2
1 8725
1 D89F
1 BA50
1 6316
1 D95E
1 B683
1 997F
1 AA23
1 A13D
1 86F4
1 7E33
1 92D3
1 D54B
1 C0AC
1 ABEA
1 14F8
1 A85E
1 0B9B
1 B232
1 A0A6
1 D38D
1 24C8
1 DE2C
1 B6CA
1 0132
1 7196
1 3771
1 A055
1 576F
1 63EB
1 2257
1 1793
1 C5FA
0 0000
0 0000
0 0000
0 0000
0 0000
0 0000
0 0000
0 0000
0 0000
0 0000
0 0000
1 007F
1 3A59
1 EADA
1 0708
1 37EB
1 603B
1 46EE
1 FE84
1 9CCF
1 CA7E
1 563D
1 0524
1 454E
1 C36D
1 D83A
1 8296
1 E5CF
1 0392
1 FA19
1 D44B
1 51F1
1 94CE
1 1CE9
1 F4CF
1 C0FC
1 D4FE
1 249F
1 4118
1 508F
1 2DE7
1 E927
1 78CC
1 928B
1 B832
1 56E2
1 6523
1 C1F9
1 9921
1 AF3A
1 4828
1 1EDE
1 0FB4
1 0D14
1 3878
1 4549
1 3705
1 F27D
1 7F12
1 2417
1 459E
1 0466
1 E0EC
1 0FBB
1 8004
1 E93F
1 F193
1 527F
1 38AC
1 31E3
1 0B3F
1 9DCC
1 32AD
1 B6ED
1 50F9
1 518D
0 0000
0 0000
0 0000
0 0000
0 0000
0 0000
0 0000
0 0000
0 0000
0 0000
0 0000
1 0080
1 1F1C
1 E755
1 465A
1 8BFB
1 A579
1 7E2B
1 2DA8
1 8AE0
1 3923
1 A652
1 8DB0
1 BA2E
1 EC07
1 5B5C
1 271B
1 3C53
1 D47E
1 C8D7
1 F824
1 26C2
1 239A
1 1057
1 7242
1 7584
1 D5CA
1 E52E
1 040F
1 B56D
1 969C
1 1504
1 8176
1 44FC
1 A10A
1 810A
1 C9B6
1 1EBC
1 976D
1 C17B
1 8804
1 C147
1 EFCF
1 C9F5
1 A240
1 5A07
1 1994
1 3535
1 B759
1 8334
1 1468
1 4866
1 8473
1 2D7A
1 E285
1 3D92
1 FD8D
1 A057
1 1AC9
1 18C9
1 70CF
1 F92D
1 BC15
1 A181
1 6575
1 8BE7
0 0000
0 0000
0 0000
0 0000
0 0000
0 0000
0 0000
0 0000
0 0000
0 0000
0 0000
1 0081
1 C9BC
1 CE0F
1 010E
1 FFA5
1 2C0B
1 7C28
1 9105
1 36E1
1 AD2A
1 20FF
1 2D1F
1 1E8E
1 AAF7
1 D2C0
1 52C3
1 3F72
1 C82C
1 FEB6
1 FF16
1 9791
1 8A06
1 1530
1 BC3E
1 4A0A
1 EB3A
1 A116
1 D641
1 0990
1 3851
1 71AA
1 3D10
1 359D
1 535E
1 B506
1 652D
1 1088
1 4BEE
1 7FDE
1 1D31
1 FDDF
1 BAA3
1 0497
1 93DB
1 73E1
1 B735
1 1CB0
1 1D14
1 DCCD
1 923F
1 0AB0
1 8D07
1 4876
1 B47E
1 4553
1 FE3A
1 AB48
1 D93A
1 C86F
1 008C
1 A496
1 4D14
1 82E0
1 D1F0
1 E1DA
1 738D
0 0000
0 0000
0 0000
0 0000
0 0000
0 0000
0 0000
0 0000
0 0000
0 0000
0 0000
1 0082
1 B1DE
1 143E
1 DE24
1 BFB6
1 EF99
1 80E1
1 9227
1 F2D7
1 DCAD
1 3D41
1 7D20
1 7D00
1 E6FB
1 E9CA
1 ADB4
1 494C
1 1DC3
1 679F
1 BE75
1 B6BA
1 AFBE
1 8CFC
1 F695
1 676B
1 D00D
1 8E7D
1 C0E4
1 04E1
1 E95D
1 CB89
1 28B8
1 9D97
1 ADB0
1 50C0
1 ED64
1 3DF5
1 76DF
1 429F
1 1EF6
1 AB7B
1 DE76
1 7FEC
1 6B10
1 7856
1 F089
1 1A65
1 6A74
1 56D2
1 8E55
1 142E
1 3684
1 301F
1 E78D
1 02A2
1 D7DD
1 72DB
1 8BBD
1 3CFB
1 6097
1 3E1A
1 BA91
1 68F4
1 6569
1 3798
1 2FFC
0 0000
0 0000
0 0000
0 0000
0 0000
0 0000
0 0000
0 0000
0 0000
0 0000
0 0000
1 0083
1 FB2A
1 451F
1 CDF0
1 ADDC
1 5C09
1 2DC8
1 C004
1 607D
1 C980
1 E545
1 BA16
1 4D3E
1 5004
1 DC18
1 B83E
1 BDF4
1 DFEF
1 493B
1 30AE
1 FC93
1 152A
1 9FC0
1 370D
1 DB9D
1 AFD6
1 4F84
1 80C1
1 B365
1 7E67
1 9CE8
1 06C1
1 51EA
1 77C2
1 60E9
1 A253
1 873B
1 3CA4
1 6C5C
1 0DB2
1 1B89
1 C068
1 E99B
1 04E0
1 C329
1 0AC0
1 E085
1 3603
1 7694
1 6BFA
1 CCAA
1 D540
1 9A19
1 49FD
1 2E16
1 D3F3
1 F264
1 31C3
1 6884
1 D39B
1 2751
1 3090
1 0DD4
1 B411
1 8A04
1 767F
1 28F9
0 0000
0 0000
0 0000
0 0000
0 0000
0 0000
0 0000
0 0000
0 0000
0 0000
0 0000
1 0084
1 C8CA
1 BC92
1 F16F
1 5D68
1 ABDD
1 0676
1 479A
1 3ED9
1 0FC3
1 4AB5
1 BFD2
1 69A0
1 66F4
1 C233
1 01AA
1 7682
1 EFB7
1 BFF9
1 22FC
1 15AE
1 4EDA
1 2BCC
1 6730
1 C2A9
1 6336
1 02C2
1 A8C3
1 F252
1 67A2
1 866D
1 D53B
1 4063
1 3FE5
1 6DC2
1 C209
1 AC77
1 F83A
1 A241
1 DF52
1 4B02
1 22D3
1 41C9
1 52FF
1 4CB1
1 689F
1 9390
1 B7C8
1 532F
1 A322
1 98B0
1 9548
1 6992
1 410E
1 7875
1 533A
1 051A
1 E175
1 149F
1 7E3C
1 5C00
1 B59E
1 035D
1 B89A
1 4C7A
1 E092
1 30CB
0 0000
0 0000
0 0000
0 0000
0 0000
0 0000
0 0000
0 0000
0 0000
0 0000
0 0000
1 0085
1 36B4
1 F27D
1 9466
1 208C
1 94B6
1 4C6E
1 C04A
1 44C9
1 EDA6
1 548E
1 F19B
1 985D
1 6D41
1 492C
1 E28B
1 A6D4
1 1E38
1 D0C7
1 E098
1 8879
1 ECE5
1 5A9E
1 37AD
1 9E82
1 15C8
1 D127
1 68F6
1 6D14
1 22A0
1 ED07
1 78D4
1 E27A
1 58FE
1 497B
1 FB2D
1 7983
1 72A9
1 93D2
1 3F1E
1 354B
1 43C6
1 27D4
1 5D39
1 A5C6
1 D3FF
1 8130
1 FE65
1 4945
1 03D6
1 DA66
1 3DF6
1 71AA
1 2CAE
1 2C73
1 A992
1 0072
1 075D
1 7705
1 F224
1 A381
1 715A
1 BD98
1 A8F4
1 6E7D
1 C443
1 C638
1 FF4F
0 0000
0 0000
0 0000
0 0000
0 0000
0 0000
0 0000
0 0000
0 0000
0 0000
0 0000
1 0086
1 7963
1 67AC
1 0CF6
1 B86D
1 BD80
1 8F11
1 BF47
1 4AD8
1 9CD7
1 C1E7
1 497A
1 A9A4
1 C97F
1 12F0
1 B037
1 0BC8
1 A197
1 1120
1 65F2
1 D2D5
1 F9A8
1 752A
1 D929
1 34E7
1 2A2B
1 FF7F
1 F216
1 B2AC
1 E614
1 9973
1 26A4
1 0320
1 E751
1 4E6B
1 CDF0
1 AF93
1 24A9
1 B65C
1 D628
1 5B43
1 9A7C
1 BB45
1 E3AB
1 674D
1 D4F9
1 A933
1 4E84
1 C79C
1 5FE0
1 E18C
1 B445
1 6E7A
1 D5C8
1 331B
1 29A4
1 FAC1
1 F40C
1 3211
1 51DB
1 2EC8
1 565B
1 265D
1 6FB9
1 E170
1 56C6
1 71B1
1 54A0
0 0000
0 0000
0 0000
0 0000
0 0000
0 0000
0 0000
0 0000
0 0000
0 0000
0 0000
1 0087
1 CD0A
1 8E86
1 C244
1 8AC8
1 CA51
1 A426
1 5EFE
1 58BC
1 8EF4
1 4407
1 969F
1 AC75
1 2116
1 D031
1 F38B
1 0D0A
1 1E5E
1 563C
1 B86D
1 DA4C
1 2B3B
1 03E4
1 82DD
1 865D
1 E583
1 6E53
1 FAEB
1 BCE7
1 7686
1 6B4E
1 041E
1 69A6
1 258B
1 F21D
1 7A36
1 A496
1 99F6
1 8FAB
1 963C
1 BC60
1 EC94
1 1366
1 6357
1 9227
1 807C
1 B886
1 F3E4
1 1ED7
1 EC63
1 4C9D
1 1187
1 B8A0
1 2228
1 8580
1 209A
1 1CCC
1 28D0
1 01E7
1 E812
1 33C6
1 4D74
1 0F53
1 7046
1 DCE3
1 2580
1 FEA7
1 D8DB
1 20EB
0 0000
0 0000
0 0000
0 0000
0 0000
0 0000
0 0000
0 0000
0 0000
0 0000
0 0000
1 0088
1 EFDB
1 9555
1 5867
1 C552
1 AE8B
1 9F66
1 5853
1 0103
1 BA2D
1 5999
1 C496
1 000D
1 2812
1 DE5D
1 E8A6
1 4E0C
1 CAEB
1 4838
1 BBE6
1 7195
1 C52B
1 BC9A
1 AC76
1 CADF
1 89B0
1 2946
1 DC69
1 FF5E
1 8BCF
1 2F11
1 934A
1 BD40
1 8282
1 B793
1 72B6
1 4873
1 9B8F
1 61CD
1 3AF8
1 258F
1 E5EE
1 85BF
1 9E7D
1 6917
1 5DF8
1 6C36
1 015D
1 079E
1 D47E
1 AAF8
1 4490
1 892E
1 7A3C
1 EA71
1 ACEC
1 4C44
1 ADDD
1 9900
1 8ADD
1 6DE9
1 54DB
1 781E
1 F0AF
1 E81D
1 16A2
1 C39F
1 0CF3
1 86C1
0 0000
0 0000
0 0000
0 0000
0 0000
0 0000
0 0000
0 0000
0 0000
0 0000
0 0000
1 0089
1 514F
1 CF2C
1 9DB7
1 A926
1 A6B0
1 8E04
1 971A
1 1982
1 3FA7
1 F985
1 A928
1 6567
1 1BB9
1 38FD
1 2E07
1 3697
1 7EEE
1 82B6
1 784C
1 EAB7
1 9ADC
1 CA09
1 1A95
1 F63F
1 CC51
1 3F9B
1 5691
1 BFA1
1 C984
1 DCE1
1 BB98
1 B5C8
1 BCA0
1 04D6
1 65E3
1 4FD0
1 40A4
1 02C2
1 90A0
1 4C49
1 D140
1 124D
1 2383
1 88D2
1 C0A8
1 5D64
1 15C8
1 12A4
1 4B87
1 8E62
1 34BF
1 D876
1 5151
1 43FF
1 DCEA
1 5696
1 7A1F
1 E2AD
1 EED1
1 8D12
1 A6D8
1 6818
1 E2F9
1 2EF0
1 FF42
1 48BD
1 3A86
1 D9CF
1 CFD4
0 0000
0 0000
0 0000
0 0000
0 0000
0 0000
0 0000
0 0000
0 0000
0 0000
0 0000
1 008A
1 3766
1 3B18
1 BFBE
1 0182
1 C5CF
1 D7DF
1 DC52
1 A724
1 A53E
1 4BB6
1 28B1
1 A834
1 8074
1 721C
1 8196
1 B752
1 BA5D
1 47C5
1 AB58
1 4579
1 BD71
1 7FC0
1 E928
1 41B1
1 0553
1 6FF6
1 9D8C
1 7B10
1 1E56
1 6BAC
1 4B0A
1 50E0
1 E06E
1 E602
1 9A36
1 84B0
1 25D0
1 F346
1 8F69
1 447B
1 889B
1 3408
1 5383
1 3AF8
1 3A59
1 8E5C
1 17BE
1 BF10
1 4B58
1 E00F
1 0A7F
1 56DE
1 985D
1 600B
1 0100
1 B9C0
1 7840
1 5016
1 3FA9
1 A653
1 FDEC
1 12A2
1 8B30
1 4B2A
1 FA6F
1 6AFF
1 B1FC
1 7558
1 3D0C
0 0000
0 0000
0 0000
0 0000
0 0000
0 0000
0 0000
0 0000
0 0000
0 0000
0 0000
1 008B
1 CB55
1 EC12
1 B251
1 2227
1 E0B1
1 3D0B
1 7E67
1 FC39
1 D389
1 3C78
1 8EC8
1 5B55
1 7093
1 62B2
1 AA1C
1 F525
1 EEA4
1 B772
1 D0B5
1 2BB4
1 71B3
1 5681
1 3136
1 151E
1 1C6D
1 BD92
1 9CE9
1 1E1E
1 8646
1 BB0A
1 FA10
1 69A2
1 29E2
1 1598
1 390B
1 9AB7
1 53B8
1 0CE8
1 DC5E
1 BDD1
1 8A37
1 B79A
1 EDC0
1 06B1
1 490F
1 2254
1 2136
1 E304
1 1B1C
1 93D8
1 9264
1 637E
1 A424
1 D071
1 3A77
1 5A87
1 935E
1 EC11
1 31AC
1 313E
1 396E
1 B4B1
1 DD85
1 1955
1 9548
1 5E60
1 F377
1 AD62
1 F344
1 C01A
0 0000
0 0000
0 0000
0 0000
0 0000
0 0000
0 0000
0 0000
0 0000
0 0000
0 0000
1 008C
1 26E8
1 F447
1 4F59
1 95A7
1 E99E
1 6482
1 3EBA
1 1633
1 3F31
1 449F
1 7F7A
1 6637
1 C644
1 41C3
1 F179
1 C4F2
1 DA6C
1 05F5
1 78CE
1 5279
1 5A9B
1 CAC3
1 DFD4
1 EED0
1 4FD0
1 A1A5
1 2676
1 BE3F
1 A7B5
1 CA7A
1 0FB0
1 7D68
1 2AEF
1 5089
1 2F4A
1 D3E1
1 2738
1 676E
1 7553
1 970A
1 4AD8
1 332E
1 1138
1 549F
1 7AC5
1 DA8F
1 6136
1 D9A2
1 2875
1 82B2
1 D355
1 B025
1 B1B7
1 0E6D
1 A5B2
1 87FC
1 DC14
1 FF88
1 24BF
1 5EAB
1 DAFD
1 BE92
1 76A0
1 B732
1 CB05
1 A7D6
1 DD30
1 BDF0
1 EEBD
1 5958
0 0000
0 0000
0 0000
0 0000
0 0000
0 0000
0 0000
0 0000
0 0000
0 0000
0 0000
1 008D
1 ADB3
1 7984
1 EC04
1 0BA1
1 3747
1 F762
1 15D5
1 EC76
1 BAB6
1 C633
1 5906
1 A558
1 7DA1
1 827A
1 B2A4
1 6EE5
1 63F7
1 9D26
1 09D6
1 B667
1 826B
1 946E
1 BB6C
1 9E30
1 F8C2
1 4B4F
1 4A68
1 AA33
1 F75D
1 6C67
1 8DFC
1 5ACF
1 CDBE
1 3D9B
1 F4E5
1 08AE
1 9066
1 8CA3
1 FA38
1 BD20
1 6F28
1 491E
1 AA28
1 D4E3
1 52C1
1 59E6
1 03A5
1 3602
1 6899
1 DA03
1 5A1B
1 8960
1 BE6E
1 A0F9
1 F86F
1 CEB9
1 4A7E
1 B2DD
1 84E1
1 39B4
1 CC85
1 0CAE
1 DAA9
1 E7E6
1 CEA5
1 0693
1 C191
1 AB48
1 0D08
1 D697
1 87D4
0 0000
0 0000
0 0000
0 0000
0 0000
0 0000
0 0000
0 0000
0 0000
0 0000
0 0000
1 008E
1 6508
1 2953
1 AF6A
1 D46F
1 D2BB
1 6EB4
1 B824
1 DFA0
1 1D76
1 3F1C
1 88DB
1 6940
1 945B
1 007E
1 FB6D
1 B970
1 0146
1 5902
1 2E18
1 CF7D
1 A8F2
1 04BE
1 818E
1 2693
1 BA7D
1 F9C3
1 960E
1 FBAD
1 D882
1 8522
1 A9C2
1 62F2
1 C8C3
1 8BA2
1 75A3
1 743D
1 0E85
1 1B9D
1 610D
1 B66A
1 EB96
1 C594
1 45C6
1 2A5E
1 E06E
1 4E18
1 7226
1 5F13
1 A48F
1 33BE
1 BD4F
1 E4F6
1 ABF1
1 126D
1 85EF
1 FEDC
1 558F
1 BD47
1 CDF4
1 EF44
1 05BD
1 8D60
1 47B3
1 F435
1 E5A7
1 2C85
1 36D6
1 1FF3
1 D104
1 2AD2
1 4B35
0 0000
0 0000
0 0000
0 0000
0 0000
0 0000
0 0000
0 0000
0 0000
0 0000
0 0000
1 008F
1 DAA8
1 0BB4
1 D334
1 A14D
1 AAB3
1 2B3F
1 18D3
1 F59D
1 5E6A
1 5193
1 C2CC
1 C5B4
1 7BAD
1 2CF2
1 89A1
1 E3E7
1 7330
1 E69D
1 B1C4
1 CA81
1 D98C
1 A3B5
1 0712
1 6E72
1 6FA6
1 1571
1 C93C
1 71CD
1 E876
1 7837
1 C43D
1 0C5C
1 6E23
1 F53D
1 CE82
1 3029
1 3985
1 1273
1 A0C0
1 E78E
1 6D47
1 395E
1 248E
1 1A0C
1 FFD4
1 60E1
1 44BA
1 7A14
1 FC7C
1 AD7E
1 B3DC
1 5FAF
1 25DD
1 AB53
1 FAD5
1 8B8E
1 DED9
1 2F20
1 7131
1 CAB9
1 0A4D
1 5757
1 D71D
1 63A8
1 7143
1 AEC3
1 FDA2
1 1C6A
1 AC5D
1 829B
1 684A
1 1D92
0 0000
0 0000
0 0000
0 0000
0 0000
0 0000
0 0000
0 0000
0 0000
0 0000
0 0000
1 0090
1 4DD9
1 7856
1 CB57
1 8CE2
1 E888
1 FAA6
1 D4E9
1 BC31
1 5E51
1 8CA9
1 D5A2
1 8A69
1 C550
1 E349
1 2B66
1 25D8
1 5496
1 66CF
1 07B0
1 4D5F
1 EE43
1 0163
1 BEC8
1 1018
1 48E6
1 FAF6
1 659E
1 731F
1 D9E3
1 1CBD
1 0629
1 4EDC
1 0A11
1 1956
1 6313
1 394D
1 F529
1 C0EF
1 FC99
1 9389
1 8698
1 FBE3
1 D7DB
1 9314
1 3EA6
1 F72B
1 7104
1 C3DA
1 D458
1 46E2
1 1FE5
1 BE91
1 E1CF
1 FF17
1 CFDC
1 6422
1 8DF1
1 3864
1 54A4
1 427D
1 A49D
1 2B04
1 9484
1 20BE
1 E11B
1 43EE
1 4247
1 28D3
1 DC23
1 1E0C
1 EE14
1 BEC3
0 0000
0 0000
0 0000
0 0000
0 0000
0 0000
0 0000
0 0000
0 0000
0 0000
0 0000
1 0091
1 359B
1 7797
1 3DED
1 0193
1 785E
1 C7B0
1 C195
1 3EC5
1 7738
1 B2FC
1 E30F
1 20C6
1 429F
1 7B1A
1 CFB7
1 0089
1 3DC7
1 68A8
1 CCE3
1 8408
1 305A
1 56EF
1 DAC0
1 C631
1 3532
1 581E
1 2A16
1 8C35
1 0E3B
1 11AE
1 5ABE
1 846F
1 1353
1 A056
1 6064
1 CECD
1 9FB4
1 627E
1 D427
1 0F4F
1 9C6C
1 C843
1 5E10
1 8AD7
1 5E08
1 9522
1 5C57
1 421D
1 5A34
1 96AF
1 E10F
1 D084
1 8F07
1 661D
1 F94F
1 9B1B
1 2903
1 9142
1 9D8C
1 32AC
1 17E5
1 8D20
1 071F
1 2303
1 D01C
1 0725
1 720D
1 5671
1 89EC
1 8587
1 3EF8
1 8E3E
1 1DF3
0 0000
0 0000
0 0000
0 0000
0 0000
0 0000
0 0000
0 0000
0 0000
0 0000
0 0000
1 0092
1 840D
1 B044
1 71D3
1 45D5
1 A1CC
1 86AE
1 5427
1 4198
1 760F
1 F03A
1 535E
1 3755
1 889C
1 0CEE
1 10CF
1 872E
1 D2DB
1 880B
1 86C3
1 EC8F
1 564D
1 36DE
1 7535
1 F8CC
1 49BA
1 006B
1 D5E4
1 BBCD
1 296C
1 9C88
1 AE46
1 2449
1 B015
1 87AF
1 0334
1 9E6F
1 7438
1 2402
1 8679
1 EDD0
1 6814
1 C3C6
1 9142
1 986B
1 110D
1 AD51
1 7A2B
1 5969
1 0E3D
1 311C
1 5920
1 7E6B
1 6164
1 44B2
1 089D
1 A6C1
1 B50C
1 56C4
1 D956
1 5818
1 417F
1 6552
1 7AAB
1 A88C
1 F8AD
1 0D81
1 9076
1 5086
1 B440
1 56F1
1 C6ED
1 9060
1 AAC1
0 0000
0 0000
0 0000
0 0000
0 0000
0 0000
0 0000
0 0000
0 0000
0 0000
0 0000
1 0093
1 8DCF
1 9594
1 AB6C
1 D529
1 4F4A
1 DD86
1 E427
1 F06F
1 B521
1 0AA6
1 5737
1 1C7F
1 E209
1 D3ED
1 AD05
1 2295
1 260A
1 7EEE
1 4D27
1 CC63
1 8896
1 2A25
1 3C3C
1 01E3
1 7C44
1 BE23
1 2423
1 353E
1 8BDC
1 FDF3
1 6536
1 24E7
1 6462
1 02CF
1 3005
1 5BBC
1 E1E5
1 BE34
1 B0C7
1 0CC0
1 BC87
1 AF66
1 7D3C
1 244D
1 D2EF
1 00A3
1 5D30
1 6863
1 7198
1 A44F
1 CDBA
1 8101
1 5ED8
1 811E
1 7F60
1 A19B
1 9A88
1 6A90
1 706B
1 211C
1 C56A
1 D828
1 5960
1 6A7B
1 5F9D
1 4EA7
1 9884
1 B41E
1 46C6
1 7FEE
1 41E8
1 D86E
1 1956
1 F303
0 0000
0 0000
0 0000
0 0000
0 0000
0 0000
0 0000
0 0000
0 0000
0 0000
0 0000
1 0094
1 5211
1 CF05
1 138B
1 EBB5
1 A340
1 91EA
1 4889
1 F537
1 3394
1 D208
1 3380
1 FC6D
1 59B0
1 C301
1 2D26
1 795B
1 A0A4
1 6E46
1 EC66
1 DBDA
1 4696
1 3942
1 0EE6
1 0B1D
1 6F0B
1 A6C6
1 D855
1 32D7
1 29E0
1 FD90
1 944B
1 A38A
1 3AAD
1 54F0
1 F447
1 C7D7
1 8AA2
1 CB20
1 DC55
1 DFE2
1 02AE
1 2DC4
1 FF8C
1 4D46
1 6A84
1 2822
1 0F99
1 72A2
1 8FC1
1 97B4
1 8045
1 6559
1 5026
1 E922
1 A9AB
1 BAA5
1 7277
1 A21A
1 F415
1 D116
1 FD8A
1 13D0
1 5339
1 81A0
1 3869
1 5CB9
1 00C3
1 C6B6
1 829E
1 57D2
1 B71F
1 F9CF
1 8FD9
1 B589
0 0000
0 0000
0 0000
0 0000
0 0000
0 0000
0 0000
0 0000
0 0000
0 0000
0 0000
1 0095
1 349C
1 F056
1 EC6C
1 EFBD
1 D3E0
1 7060
1 9AC5
1 8E34
1 BBD9
1 F132
1 6943
1 6F75
1 AD77
1 A597
1 BF74
1 A614
1 8028
1 4C99
1 9632
1 4486
1 07B2
1 9454
1 6973
1 BF63
1 F6B9
1 4EF9
1 1D33
1 18BA
1 64BE
1 D985
1 92A0
1 27C8
1 A1DD
1 D01E
1 0757
1 4833
1 D497
1 54DE
1 E0C0
1 80F6
1 1F33
1 EF42
1 33CD
1 6EBE
1 F012
1 A145
1 FF21
1 00D9
1 611A
1 B4B9
1 0243
1 FDBD
1 6C5F
1 D626
1 7DB5
1 FE56
1 C205
1 EFA5
1 D3AF
1 0AFE
1 FB12
1 BD81
1 A086
1 F4BF
1 D336
1 5BD7
1 4D89
1 F644
1 21EA
1 9E1D
1 AD69
1 ACA6
1 5DCD
1 6C3D
1 09EA
0 0000
0 0000
0 0000
0 0000
0 0000
0 0000
0 0000
0 0000
0 0000
0 0000
0 0000
1 0096
1 E1E9
1 F128
1 27B2
1 4897
1 A243
1 6BBE
1 730F
1 0E54
1 D569
1 8594
1 15C1
1 DB16
1 A3CB
1 AC38
1 672E
1 5794
1 B133
1 3735
1 B819
1 D6B0
1 787A
1 4BED
1 BBEA
1 7065
1 BB54
1 9CA2
1 CF5F
1 35E6
1 F660
1 5936
1 E33D
1 0D3C
1 12F9
1 DCD4
1 D7E1
1 474C
1 5441
1 6A9E
1 9205
1 765A
1 9B11
1 E12B
1 658A
1 0000
1 8D86
1 AAA4
1 7332
1 4E4F
1 20AF
1 A03B
1 EAB3
1 3F12
1 F584
1 1D55
1 175F
1 C720
1 48FD
1 F6E4
1 C6E7
1 C981
1 E7A7
1 95BB
1 DB93
1 B188
1 471A
1 FBB7
1 9E3D
1 27DF
1 1872
1 FEB7
1 FCB6
1 DA6B
1 CE95
1 FDBB
1 FF0B
0 0000
0 0000
0 0000
0 0000
0 0000
0 0000
0 0000
0 0000
0 0000
0 0000
0 0000
1 0097
1 6C7C
1 582E
1 989D
1 0413
1 8206
1 D769
1 1199
1 69F5
1 8B01
1 89A2
1 D3CC
1 F192
1 FC7C
1 17CA
1 B43D
1 67B7
1 0631
1 8E8D
1 8163
1 20B2
1 83D1
1 FB7E
1 10C9
1 1B64
1 96EE
1 8EE5
1 8A6D
1 DC85
1 FE4C
1 7895
1 69A2
1 C105
1 5555
1 C0D9
1 CCF4
1 72E3
1 E386
1 5103
1 97EB
1 46C7
1 C9F0
1 FDFE
1 DC0A
1 99D0
1 DDA5
1 BF7D
1 650D
1 74A7
1 C212
1 3AB7
1 4589
1 CE8E
1 E572
1 9EDA
1 12E7
1 E18F
1 482B
1 B5EB
1 E5DB
1 F508
1 A9D5
1 433A
1 46CB
1 4BF8
1 C207
1 8398
1 A1C7
1 A98F
1 B573
1 20C1
1 7EE9
1 7B03
1 5B18
1 270F
1 7813
1 3627
0 0000
0 0000
0 0000
0 0000
0 0000
0 0000
0 0000
0 0000
0 0000
0 0000
0 0000
1 0098
1 7FDA
1 2814
1 F7C7
1 822A
1 93BE
1 DA0E
1 C25F
1 9267
1 77F4
1 B15E
1 D293
1 4958
1 3732
1 B165
1 7567
1 6695
1 1CF2
1 C9CB
1 E8A8
1 3A9A
1 7F77
1 7150
1 78C2
1 3150
1 9BED
1 B083
1 648E
1 CBF1
1 B59C
1 4446
1 3583
1 7F1A
1 4B62
1 5476
1 052B
1 2A68
1 6FFE
1 780D
1 4635
1 42FF
1 FAF1
1 B756
1 E2A7
1 D1C5
1 F8E6
1 4102
1 FEC8
1 99EB
1 3FF2
1 6905
1 071C
1 8719
1 8AB3
1 52FD
1 9410
1 F1DB
1 E754
1 370D
1 9307
1 D761
1 BE17
1 DBBC
1 6011
1 C548
1 CC41
1 DD71
1 967B
1 F34E
1 FB5F
1 43C2
1 C173
1 591B
1 819B
1 8E7D
1 2335
1 FBC4
0 0000
0 0000
0 0000
0 0000
0 0000
0 0000
0 0000
0 0000
0 0000
0 0000
0 0000
1 0099
1 0E38
1 A76A
1 9F0B
1 0783
1 A7D8
1 F94C
1 0BF7
1 86F0
1 BD29
1 0EB3
1 E023
1 1427
1 9ECC
1 DDAE
1 4117
1 B67B
1 EBB3
1 07F9
1 5A35
1 6EC7
1 BB32
1 193B
1 6CFA
1 8F98
1 56A6
1 C511
1 A0C8
1 5B12
1 5982
1 82DA
1 5F5A
1 A091
1 0378
1 13C0
1 53A8
1 24BA
1 FAFB
1 55B4
1 36E1
1 99DC
1 C4ED
1 79F3
1 AE89
1 8EEB
1 739A
1 3CB9
1 65BF
1 F7CB
1 6301
1 A424
1 B219
1 9B8A
1 9D0A
1 A73D
1 0B7E
1 0D01
1 C279
1 0AC0
1 C6BB
1 20A9
1 5483
1 B837
1 BDF6
1 21D0
1 8851
1 C14D
1 BF2C
1 8328
1 F14A
1 FEDC
1 374C
1 334D
1 5FE6
1 2EC0
1 1EC8
1 99EB
1 894F
0 0000
0 0000
0 0000
0 0000
0 0000
0 0000
0 0000
0 0000
0 0000
0 0000
0 0000
1 009A
1 05B1
1 DDA3
1 A80A
1 0B04
1 1886
1 29B9
1 3E25
1 61C2
1 3586
1 E8C2
1 68A5
1 DBFE
1 A4D3
1 563A
1 17D9
1 9B71
1 FDE8
1 48F8
1 FEE2
1 498A
1 60D1
1 98F2
1 D6ED
1 E091
1 2F82
1 8D1D
1 A327
1 4006
1 BDEE
1 63BB
1 8751
1 5DD6
1 1A98
1 D17F
1 8679
1 8792
1 519B
1 9424
1 7B49
1 46D4
1 CF39
1 5ED6
1 7BB3
1 EB10
1 A89A
1 CBEA
1 31D7
1 C217
1 2A1F
1 243B
1 07F3
1 01F4
1 F1E5
1 26E6
1 A1B3
1 8834
1 C90D
1 06F3
1 58D6
1 3C0B
1 9B38
1 33C8
1 8144
1 4E6C
1 DC65
1 25AD
1 1010
1 D561
1 D7D9
1 203E
1 4265
1 744C
1 251F
1 F088
1 A31A
1 E12D
1 C2B8
0 0000
0 0000
0 0000
0 0000
0 0000
0 0000
0 0000
0 0000
0 0000
0 0000
0 0000
1 009B
1 320D
1 73E9
1 E861
1 528D
1 22C1
1 60DB
1 1B6B
1 F061
1 F774
1 7790
1 CBB4
1 C031
1 5EE9
1 D37C
1 FCBA
1 1265
1 8C54
1 BDD2
1 9211
1 D294
1 E002
1 B2A4
1 7530
1 412B
1 863C
1 9B7D
1 2DCC
1 234D
1 0869
1 06E0
1 A0B4
1 58F3
1 1052
1 9C51
1 AE27
1 D017
1 958F
1 8ED1
1 90A3
1 E05E
1 5C36
1 6276
1 6ADE
1 5F10
1 60DC
1 C5F6
1 2F78
1 2CAF
1 04D0
1 D666
1 38D0
1 E53A
1 E92E
1 D489
1 FDE4
1 1A3F
1 33ED
1 C5FB
1 FDD7
1 B996
1 EEDD
1 C96A
1 5562
1 112E
1 A5EF
1 6A94
1 42EB
1 676C
1 B7CB
1 B6B1
1 A117
1 071E
1 0D6A
1 2CBE
1 C013
1 82FE
1 A504
1 E78B
0 0000
0 0000
0 0000
0 0000
0 0000
0 0000
0 0000
0 0000
0 0000
0 0000
0 0000
1 009C
1 A47F
1 7D70
1 8737
1 62DF
1 D255
1 8B4A
1 F14B
1 8317
1 BF9E
1 9069
1 B90F
1 BA21
1 6EBE
1 2A41
1 1D86
1 B7D6
1 9176
1 73AB
1 0567
1 1F1F
1 7977
1 DE38
1 D02D
1 6E9C
1 12A5
1 48A6
1 59C3
1 C729
1 A433
1 1E47
1 9745
1 4653
1 6F9B
1 09EC
1 2274
1 2B30
1 50C9
1 BFB6
1 61B0
1 5F80
1 464B
1 3E8C
1 44F3
1 724F
1 4553
1 A85E
1 E781
1 F5F6
1 906C
1 B755
1 BA73
1 F0BC
1 A1DC
1 2FE6
1 1CF3
1 0246
1 C3A6
1 031F
1 9BE0
1 0604
1 3028
1 EA5D
1 79B2
1 2BB6
1 3C4D
1 B034
1 079C
1 9A93
1 1373
1 9C0A
1 8FEA
1 14EA
1 996F
1 73A3
1 B78C
1 0C67
1 0D47
1 AE93
0 0000
0 0000
0 0000
0 0000
0 0000
0 0000
0 0000
0 0000
0 0000
0 0000
0 0000
1 009D
1 15E5
1 EF27
1 A38D
1 CA11
1 3C23
1 32C7
1 240D
1 4CC8
1 D0C1
1 F27C
1 C301
1 CD01
1 13A0
1 67A5
1 2C1A
1 CE02
1 82B3
1 407F
1 2266
1 B73A
1 AD4F
1 71A2
1 1E0A
1 2A00
1 3E7F
1 06DB
1 04FC
1 181F
1 5EB0
1 695D
1 FE58
1 60E2
1 AB08
1 8D3E
1 6DAD
1 30DE
1 3472
1 5E5A
1 E800
1 688C
1 5D0A
1 3E4B
1 249E
1 9EA9
1 5D5D
1 3C1B
1 809A
1 A4DB
1 8A61
1 2289
1 BCCE
1 356A
1 6CDA
1 D601
1 C77A
1 43CB
1 8A7D
1 DC77
1 A0F7
1 41E1
1 0FDB
1 A5AB
1 1219
1 4293
1 3338
1 8EE5
1 E109
1 A442
1 6817
1 E41A
1 723F
1 C129
1 BB5C
1 41D4
1 9CEE
1 D236
1 529B
1 D910
1 5B2B
0 0000
0 0000
0 0000
0 0000
0 0000
0 0000
0 0000
0 0000
0 0000
0 0000
0 0000
1 009E
1 FB99
1 D9CD
1 E18F
1 6EA4
1 373B
1 8AC4
1 3CD4
1 6B64
1 1D3A
1 3119
1 EA42
1 2080
1 4BCA
1 825A
1 7D6C
1 90FD
1 D281
1 EC45
1 91D2
1 87FA
1 5911
1 94B9
1 8B69
1 669F
1 9F98
1 718A
1 6201
1 7ECE
1 48F9
1 D191
1 A953
1 EF8A
1 B3F9
1 06DB
1 7F39
1 26FD
1 A406
1 98D8
1 37B8
1 9221
1 E1A3
1 32D2
1 91C6
1 D57D
1 2A31
1 CB6F
1 21CA
1 ECF6
1 98D3
1 0C9A
1 E699
1 7662
1 2DEA
1 F0A9
1 1EFB
1 0EF2
1 9642
1 EA1E
1 F3D0
1 3E4F
1 B197
1 747D
1 7C74
1 BFBF
1 C13A
1 04CA
1 B4FB
1 6A0E
1 C95D
1 B2BE
1 DE90
1 E3DC
1 9C89
1 BA69
1 124E
1 079F
1 3A96
1 6E7C
1 CAF1
0 0000
0 0000
0 0000
0 0000
0 0000
0 0000
0 0000
0 0000
0 0000
0 0000
0 0000
1 009F
1 431A
1 67B1
1 B8FD
1 AB55
1 088B
1 5C50
1 D413
1 41F9
1 27D0
1 577E
1 C3FD
1 F54A
1 0C5A
1 9F83
1 78A3
1 34D9
1 8E33
1 BC84
1 EB96
1 16E2
1 EC51
1 7164
1 E8AE
1 CA22
1 163A
1 305B
1 5F18
1 6E1D
1 2953
1 E04C
1 D63D
1 9515
1 0E16
1 2963
1 8E9A
1 8C93
1 1289
1 A836
1 434A
1 7884
1 111F
1 9339
1 CE58
1 730E
1 42EF
1 3F04
1 E926
1 FC08
1 A88D
1 82E0
1 4190
1 5BF9
1 3C68
1 C2EB
1 D996
1 EFB1
1 2503
1 F1C3
1 D93B
1 7AA8
1 D379
1 E62E
1 E8C5
1 D111
1 F8FA
1 66CA
1 A8FA
1 7457
1 486D
1 8B0F
1 B1E9
1 A64F
1 841F
1 F1AE
1 B037
1 08FA
1 0653
1 5112
1 4011
1 3799
0 0000
0 0000
0 0000
0 0000
0 0000
0 0000
0 0000
0 0000
0 0000
0 0000
0 0000
1 00A0
1 9E46
1 EDE8
1 2418
1 20F9
1 B288
1 BB26
1 8F2D
1 7DC5
1 5C2F
1 3B76
1 5951
1 1E28
1 EC3D
1 90AF
1 142E
1 7BD5
1 5B91
1 70AB
1 FBDB
1 F811
1 2753
1 2F60
1 4BB6
1 926F
1 9CCB
1 01DA
1 1901
1 778F
1 486E
1 2B84
1 86BA
1 5911
1 49B6
1 47DE
1 047B
1 F3B2
1 9ECC
1 DF14
1 9ED5
1 15E1
1 6D4F
1 D9E0
1 181A
1 4B30
1 D1A3
1 E1E5
1 7955
1 2E23
1 9B5E
1 F4D1
1 768C
1 E6FE
1 BA32
1 1BCC
1 6D5B
1 50BC
1 A238
1 E4BA
1 9E66
1 3AB6
1 22B7
1 8C98
1 2BC0
1 2529
1 B2D5
1 23FB
1 B635
1 5B90
1 51A9
1 88F5
1 8D55
1 5AEE
1 CFDC
1 FB86
1 1EF3
1 E830
1 2468
1 C7FF
1 37F7
1 93D4
0 0000
0 0000
0 0000
0 0000
0 0000
0 0000
0 0000
0 0000
0 0000
0 0000
0 0000
1 00A1
1 DAF6
1 C7A5
1 B06B
1 CB87
1 0182
1 5E8B
1 1177
1 65D8
1 1CC1
1 3061
1 A850
1 9BC9
1 6264
1 A661
1 669A
1 95C3
1 AEAB
1 6BBB
1 4EE2
1 D080
1 EF9D
1 319A
1 1DEC
1 42AD
1 9DA0
1 93A9
1 16AE
1 CACA
1 2FDE
1 F2F0
1 63DB
1 C9D3
1 B8C2
1 919D
1 1810
1 CA7E
1 8C43
1 F0AD
1 2401
1 3ADF
1 F7A4
1 E45E
1 A455
1 7B86
1 1082
1 15D2
1 5C08
1 21FA
1 DC38
1 9F95
1 CB8C
1 51BC
1 8347
1 9906
1 4F46
1 BD20
1 147A
1 0F3D
1 63B5
1 1C77
1 81B4
1 F4E9
1 164F
1 4B95
1 9E9D
1 14E4
1 DDFE
1 0948
1 F91C
1 E741
1 62FB
1 7E7C
1 4BE7
1 BCB5
1 778E
1 439B
1 968C
1 D349
1 98A6
1 AF52
1 7658
0 0000
0 0000
0 0000
0 0000
0 0000
0 0000
0 0000
0 0000
0 0000
0 0000
0 0000
1 00A2
1 D0F5
1 D9FF
1 B26D
1 3FCD
1 00CD
1 0AAC
1 9557
1 F5E8
1 B860
1 473A
1 AA24
1 06EF
1 EAE6
1 60C5
1 94B2
1 B33A
1 337B
1 5460
1 6C60
1 D38D
1 EA34
1 D10F
1 0C6D
1 94F6
1 F7F4
1 AF41
1 08A9
1 6A9B
1 9D9C
1 A3DF
1 A767
1 EC43
1 C549
1 B0D8
1 C95A
1 F232
1 3F72
1 358E
1 C392
1 38CB
1 84C0
1 5953
1 5E91
1 D32B
1 5804
1 668C
1 1595
1 C896
1 7E89
1 CB04
1 5531
1 755F
1 CA0C
1 F1A2
1 2EB8
1 BC92
1 2E80
1 1553
1 CCF9
1 FDA7
1 1925
1 38D8
1 4DE1
1 2E2C
1 BB40
1 E05D
1 EE4B
1 BE41
1 C6E6
1 E19B
1 279B
1 639F
1 0595
1 85EF
1 0B26
1 F7EF
1 3DCD
1 5EE4
1 0980
1 3D72
1 3312
0 0000
0 0000
0 0000
0 0000
0 0000
0 0000
0 0000
0 0000
0 0000
0 0000
0 0000
1 00A3
1 F67D
1 AA7B
1 AA12
1 07F7
1 C40F
1 988C
1 E322
1 678E
1 6F4E
1 61AF
1 B5EE
1 C674
1 9494
1 59C5
1 ECEE
1 5EE6
1 73F5
1 5AB0
1 93C4
1 DFF1
1 0A4D
1 6D0F
1 2156
1 7C91
1 9408
1 D095
1 D33F
1 590A
1 B427
1 D980
1 6A7E
1 6A38
1 9931
1 3F9E
1 79B3
1 7226
1 1D31
1 7CE4
1 9B1E
1 8CA5
1 261C
1 BC03
1 5315
1 5FFD
1 D669
1 162F
1 02D8
1 6937
1 9DEC
1 3BD4
1 2013
1 CAE9
1 75EB
1 FE35
1 B469
1 4D24
1 D63F
1 A80E
1 6FD3
1 BAE2
1 7FDA
1 D69A
1 4839
1 E4B0
1 4F48
1 FD9B
1 8A27
1 7B26
1 4E1A
1 99EB
1 92DD
1 513F
1 68A7
1 4A38
1 5DB1
1 C8B7
1 AB45
1 3DFC
1 EBB2
1 5BB6
1 226D
1 15B6
0 0000
0 0000
0 0000
0 0000
0 0000
0 0000
0 0000
0 0000
0 0000
0 0000
0 0000
1 00A4
1 9BE9
1 E91E
1 E989
1 D131
1 A0EE
1 A94F
1 A7D8
1 D7C3
1 2C55
1 C17B
1 B264
1 99EF
1 6B98
1 6C2C
1 BF8F
1 1228
1 6365
1 1638
1 1A7D
1 3050
1 7267
1 DA47
1 7BAE
1 EFA7
1 287B
1 9BA6
1 3D04
1 2320
1 F930
1 15CF
1 8836
1 056D
1 B0F7
1 423C
1 D961
1 39FA
1 6B9F
1 A513
1 F2CF
1 A67F
1 5883
1 944E
1 FA42
1 59DA
1 39F5
1 FFC2
1 989A
1 ABAD
1 1BD7
1 5AD9
1 0798
1 C3FE
1 9E41
1 09D8
1 858D
1 FD3A
1 07AC
1 F587
1 87CE
1 E578
1 F033
1 CB71
1 4F49
1 F4AD
1 A010
1 7652
1 F620
1 CC54
1 2F48
1 C43B
1 ECA1
1 ED71
1 675F
1 A0E1
1 68EE
1 FDBB
1 3A22
1 BD93
1 390E
1 145E
1 315D
1 18A7
0 0000
0 0000
0 0000
0 0000
0 0000
0 0000
0 0000
0 0000
0 0000
0 0000
0 0000
1 00A5
1 E646
1 DBEB
1 04DC
1 8B6F
1 4D62
1 2372
1 5522
1 F945
1 3D69
1 66C7
1 9C91
1 8239
1 E044
1 DE93
1 38D1
1 F0B0
1 9752
1 F586
1 03DE
1 7F93
1 3E15
1 1652
1 28AA
1 9377
1 E5A3
1 ACD8
1 8A56
1 D342
1 C1A1
1 8F86
1 AA57
1 257C
1 10DB
1 B5E1
1 1A59
1 182D
1 F8F3
1 1A1C
1 EB73
1 A57A
1 9320
1 76D6
1 BB95
1 19B1
1 9123
1 5444
1 7898
1 2B3F
1 BA49
1 5A82
1 FA23
1 48EF
1 7BC0
1 0651
1 CC54
1 C485
1 5813
1 79FC
1 3203
1 41D0
1 88F7
1 DC25
1 1B16
1 3AFE
1 B212
1 86F6
1 89E8
1 F6FE
1 EA94
1 C2FF
1 A514
1 561E
1 1586
1 B0D7
1 716A
1 2B19
1 07DD
1 2CC8
1 B699
1 E0FF
1 18BD
1 D2A2
1 2B48
0 0000
0 0000
0 0000
0 0000
0 0000
0 0000
0 0000
0 0000
0 0000
0 0000
0 0000
1 00A6
1 035F
1 59DE
1 28D0
1 B6B1
1 49B8
1 42F0
1 37D0
1 27A7
1 B2F2
1 E90B
1 5D79
1 C92A
1 2652
1 2784
1 6548
1 03A6
1 B76B
1 1570
1 4216
1 F88E
1 484A
1 31D7
1 3636
1 17DC
1 050F
1 4EB9
1 479E
1 F48A
1 0E8A
1 9AE3
1 C9C8
1 A503
1 1842
1 91F4
1 5505
1 E2A1
1 CEBB
1 0E14
1 C2E6
1 167A
1 5EC3
1 D15D
1 4059
1 6A37
1 DB28
1 2B96
1 9EB1
1 49BB
1 BA85
1 6C45
1 A70A
1 7C74
1 DC01
1 A918
1 7435
1 8273
1 4F9B
1 ADB8
1 0132
1 D5D2
1 D85F
1 ADCD
1 9B6A
1 2DD9
1 0FB0
1 7A98
1 2F4E
1 1D5D
1 5637
1 E22B
1 F49D
1 73C8
1 1C49
1 69D3
1 98E2
1 4CF1
1 7ECC
1 90CD
1 67B1
1 2E75
1 EED2
1 FDDB
1 37BE
0 0000
0 0000
0 0000
0 0000
0 0000
0 0000
0 0000
0 0000
0 0000
0 0000
0 0000
1 00A7
1 7A04
1 6BE3
1 CEC9
1 DD1D
1 2C71
1 B2F9
1 919B
1 75E9
1 DC43
1 F119
1 C86C
1 D169
1 F3E2
1 3393
1 7DE4
1 802D
1 2C63
1 E36F
1 58FF
1 699E
1 06AC
1 CAAB
1 265D
1 3712
1 8960
1 3E06
1 895A
1 8954
1 ECE4
1 D15C
1 C369
1 F9F1
1 DFE3
1 43B1
1 DD2E
1 7C53
1 1146
1 C4F2
1 2278
1 6B07
1 8353
1 BB17
1 FD8B
1 23D5
1 D3D1
1 0664
1 68D5
1 3505
1 BFF9
1 9A33
1 8FEC
1 16B0
1 A104
1 B823
1 5743
1 79C1
1 8327
1 EEB1
1 8ACA
1 65AA
1 2C33
1 5730
1 864C
1 0179
1 4F73
1 074E
1 4826
1 B250
1 1992
1 3489
1 C222
1 D095
1 E54D
1 0F87
1 70FB
1 2E0A
1 C3FB
1 4763
1 D9F3
1 1EFA
1 8D68
1 F286
1 7133
1 1492
0 0000
0 0000
0 0000
0 0000
0 0000
0 0000
0 0000
0 0000
0 0000
0 0000
0 0000
1 00A8
1 F47A
1 1688
1 E26B
1 6FCA
1 6851
1 6D16
1 9282
1 169D
1 8376
1 ECA5
1 0B8F
1 1ED5
1 5CD9
1 AC1C
1 643B
1 EEBE
1 E7CF
1 6E9F
1 8515
1 0FA8
1 E449
1 D2C2
1 3A95
1 20A6
1 00B7
1 AB09
1 BE36
1 C603
1 0D10
1 6AF6
1 9C46
1 5D50
1 006B
1 D84E
1 AF4F
1 4FDC
1 D44C
1 00F9
1 E3B6
1 769C
1 9246
1 2C91
1 DB16
1 AD9D
1 0B80
1 1928
1 1AAF
1 D322
1 600C
1 84EC
1 758B
1 8543
1 3299
1 1FEA
1 E7E2
1 5615
1 A870
1 3A81
1 9AF8
1 706A
1 D746
1 1C9E
1 632F
1 F80C
1 1CA6
1 58D8
1 6FB9
1 78AB
1 2DDB
1 8C19
1 20E2
1 3A8C
1 862D
1 216F
1 08F3
1 C19A
1 39A3
1 A485
1 7421
1 36C5
1 6BA5
1 5D58
1 5D02
1 EDFA
0 0000
0 0000
0 0000
0 0000
0 0000
0 0000
0 0000
0 0000
0 0000
0 0000
0 0000
1 00A9
1 0BB1
1 ED08
1 198A
1 E351
1 12B6
1 C567
1 492D
1 5427
1 B9F9
1 6BEB
1 8A09
1 5BAB
1 87A3
1 8B84
1 7005
1 1599
1 9D28
1 7A12
1 B418
1 8681
1 6FF1
1 881A
1 DDCA
1 2ED8
1 626B
1 0640
1 7289
1 C909
1 FB6A
1 68D2
1 BD6F
1 46B6
1 107F
1 422F
1 0203
1 5966
1 9E47
1 CA9B
1 98B9
1 31BD
1 248D
1 46A0
1 5E66
1 4CD2
1 9EBC
1 6FEE
1 F2C3
1 642C
1 C668
1 5E03
1 6E02
1 FD42
1 17F7
1 DDB5
1 D391
1 0F70
1 1214
1 2A58
1 D378
1 47F3
1 EC3A
1 8964
1 794B
1 E08F
1 0AD8
1 953D
1 24B3
1 8DB3
1 B4E6
1 6AD4
1 35F7
1 EEA6
1 A731
1 E793
1 58BB
1 88E2
1 9912
1 B154
1 2EC0
1 F63F
1 456F
1 0802
1 AE19
1 A109
1 11C1
0 0000
0 0000
0 0000
0 0000
0 0000
0 0000
0 0000
0 0000
0 0000
0 0000
0 0000
1 00AA
1 8C10
1 661E
1 4C96
1 2B96
1 91A5
1 F204
1 731A
1 EDE2
1 6C3E
1 3AEE
1 6336
1 C388
1 D5B8
1 5C96
1 26A9
1 4134
1 A6DF
1 672B
1 ACE2
1 C5BF
1 63CA
1 CC57
1 B78F
1 D780
1 5F91
1 9F52
1 7C8F
1 A58E
1 4417
1 4794
1 3979
1 29DD
1 E71B
1 3F66
1 5BAA
1 CCE8
1 4313
1 1EBD
1 996D
1 A662
1 8574
1 A4E4
1 3C1E
1 ADD7
1 9A5D
1 8A6C
1 2BE9
1 282C
1 5C49
1 ABD0
1 C247
1 D0DF
1 4717
1 C705
1 1F75
1 157E
1 732F
1 86F2
1 E69A
1 F8ED
1 BD84
1 E8E2
1 5BF1
1 2313
1 139E
1 2186
1 64F3
1 279F
1 7A3E
1 0679
1 22AC
1 88E0
1 4D9A
1 BA80
1 E485
1 9520
1 C8D9
1 5957
1 A7F5
1 1015
1 2E01
1 E7C5
1 0DC1
1 DBC0
1 A870
0 0000
0 0000
0 0000
0 0000
0 0000
0 0000
0 0000
0 0000
0 0000
0 0000
0 0000
1 00AB
1 CAD3
1 8CC7
1 BD68
1 50EF
1 1037
1 DE6D
1 51F2
1 AC82
1 184F
1 36B1
1 F33E
1 381B
1 C0D1
1 A7D5
1 C6D5
1 E064
1 D443
1 6E30
1 E116
1 E9EA
1 0351
1 BF10
1 56CF
1 3FF3
1 FF78
1 94D4
1 2300
1 BEDA
1 56D0
1 47BC
1 F0E1
1 81F3
1 BB1F
1 0F4E
1 9357
1 78D8
1 A4E9
1 EEEF
1 CC12
1 F464
1 0289
1 10FB
1 7E0B
1 2DE7
1 B508
1 F9D8
1 AA2C
1 796E
1 6DE1
1 748A
1 AB8D
1 2D3A
1 B49A
1 1124
1 CA83
1 4DDA
1 EC36
1 9B7E
1 1791
1 61EA
1 8BDA
1 1AA6
1 8D2A
1 EF73
1 8DA5
1 AA12
1 8B43
1 E8A9
1 C8A6
1 CE42
1 61E3
1 0C54
1 39AD
1 64DA
1 8305
1 92D5
1 CB47
1 FBB4
1 2C2C
1 3C75
1 AFCE
1 C9C5
1 8BBD
1 EBC2
1 5664
1 F05B
0 0000
0 0000
0 0000
0 0000
0 0000
0 0000
0 0000
0 0000
0 0000
0 0000
0 0000
1 00AC
1 9201
1 F244
1 F881
1 1F64
1 D676
1 A776
1 8AA6
1 8B46
1 D5D8
1 181D
1 B956
1 7D0D
1 3C08
1 2E13
1 E49C
1 158B
1 50AF
1 9532
1 CDD4
1 B895
1 782D
1 580A
1 1CD9
1 5726
1 298B
1 823C
1 7DAD
1 BC6C
1 CE9E
1 CB5C
1 8F9F
1 829C
1 E72E
1 D2FB
1 C4CB
1 D4DE
1 9E05
1 202A
1 C42B
1 4BFF
1 9E45
1 2FD3
1 1F51
1 FB0B
1 4822
1 0207
1 AFDD
1 F2AC
1 5065
1 E3BA
1 5063
1 1234
1 2719
1 66A1
1 281A
1 518B
1 B9A2
1 1287
1 5B39
1 EFF0
1 7707
1 7273
1 9975
1 87C2
1 D94A
1 E998
1 BAC7
1 65FF
1 4430
1 2707
1 C2EB
1 EFEC
1 D58D
1 C55F
1 AB12
1 CD77
1 6745
1 6488
1 6E28
1 0FD4
1 48C4
1 F781
1 D2E7
1 2994
1 4E22
1 2C6C
0 0000
0 0000
0 0000
0 0000
0 0000
0 0000
0 0000
0 0000
0 0000
0 0000
0 0000
1 00AD
1 78DA
1 DAC4
1 EC23
1 6D20
1 B7B3
1 5663
1 8014
1 4D64
1 EEFA
1 42AC
1 0226
1 812F
1 229B
1 36CC
1 78CA
1 A438
1 5080
1 F55F
1 F432
1 56B6
1 DC29
1 FC47
1 EF23
1 01FB
1 52E6
1 8199
1 2EEC
1 A7C6
1 B716
1 D95F
1 7622
1 B6AB
1 0F58
1 9324
1 13CB
1 47AD
1 2B63
1 E6F7
1 97CB
1 2672
1 2A3F
1 93E8
1 8285
1 137E
1 26FC
1 9191
1 BA17
1 6AC3
1 9BED
1 CA4D
1 EB35
1 24D0
1 6CE6
1 4D9F
1 57AD
1 A49C
1 CBB7
1 9C08
1 CBB8
1 2EE3
1 834A
1 3686
1 93AA
1 2019
1 DD38
1 D632
1 6FC3
1 5D67
1 CD76
1 6E73
1 36DF
1 2BB9
1 0841
1 1BD2
1 40FF
1 BB11
1 3100
1 6715
1 6CC6
1 84C0
1 669D
1 1F21
1 B264
1 6AD1
1 6717
1 F32C
1 6F1C
0 0000
0 0000
0 0000
0 0000
0 0000
0 0000
0 0000
0 0000
0 0000
0 0000
0 0000
1 00AE
1 1087
1 256F
1 3EC6
1 776F
1 7E29
1 FB5E
1 F150
1 7C50
1 2CFB
1 B137
1 D35E
1 354A
1 5709
1 545A
1 D414
1 678C
1 8818
1 E003
1 6C5A
1 6EA8
1 063B
1 177D
1 54D9
1 50EA
1 0D66
1 F0F3
1 FEBF
1 CDCE
1 61E0
1 1841
1 2019
1 48C7
1 5F0B
1 1B72
1 B1A6
1 97D6
1 445E
1 93FF
1 6584
1 A4A7
1 4815
1 5BB2
1 284E
1 6619
1 CE27
1 007E
1 85A2
1 F3F5
1 E6BD
1 61A3
1 F707
1 EC7B
1 949E
1 B1D0
1 86D6
1 1DC2
1 FF16
1 06CB
1 C0AD
1 A0DE
1 CC75
1 BDFA
1 0E51
1 8C27
1 3C83
1 1CBB
1 7E4F
1 D54D
1 908B
1 DD3F
1 2615
1 7D96
1 FCE6
1 6148
1 F57C
1 82E3
1 F390
1 0BD1
1 870E
1 86B2
1 04A8
1 5300
1 5B0C
1 76F0
1 61C8
1 BFEC
1 4762
0 0000
0 0000
0 0000
0 0000
0 0000
0 0000
0 0000
0 0000
0 0000
0 0000
0 0000
1 00AF
1 5D7C
1 C78A
1 43C1
1 C0D8
1 01AC
1 031D
1 AD73
1 6B30
1 19CB
1 A6CF
1 FA94
1 88C5
1 6727
1 71AD
1 17E0
1 CE41
1 121C
1 7854
1 4ECB
1 3AC4
1 A3B7
1 A113
1 86C0
1 020F
1 97F0
1 06D5
1 07F1
1 D028
1 5C97
1 D3DA
1 DE27
1 0FD1
1 AA3F
1 5419
1 455B
1 2505
1 7955
1 E639
1 DE03
1 250E
1 69AA
1 2C96
1 E4D5
1 6500
1 6184
1 DBE4
1 ABBF
1 5811
1 BCA0
1 A99C
1 77B1
1 526B
1 993B
1 AE1C
1 C1FD
1 D9CC
1 23EB
1 315B
1 AB4B
1 8B8F
1 1AA6
1 A499
1 871C
1 EB95
1 3503
1 64F3
1 CBD9
1 4F1D
1 E3E1
1 A5C4
1 B51B
1 AE40
1 C8EE
1 8F6E
1 8D77
1 00B7
1 DC40
1 6E72
1 44E2
1 F54B
1 1CB3
1 ACF6
1 B6CA
1 4347
1 A528
1 9210
1 748E
1 9D5E
0 0000
0 0000
0 0000
0 0000
0 0000
0 0000
0 0000
0 0000
0 0000
0 0000
0 0000
1 00B0
1 5C19
1 C136
1 9DE1
1 FA80
1 F756
1 057C
1 CB97
1 562A
1 CA35
1 1181
1 9E9A
1 407B
1 BCB0
1 73E2
1 7826
1 2F9B
1 E8C4
1 28F3
1 1411
1 E840
1 8740
1 8244
1 8E4D
1 1CE7
1 5F81
1 F2AD
1 F832
1 5FA9
1 7F80
1 86CD
1 56D4
1 FAA7
1 3F37
1 6DAC
1 E6A9
1 010F
1 7EAD
1 6661
1 1BF4
1 0DBA
1 35FC
1 BEFF
1 65F1
1 4AA1
1 03C5
1 5282
1 7A27
1 7E1A
1 57AE
1 DBF1
1 5B48
1 13AC
1 112F
1 D52B
1 E090
1 EF01
1 6BFC
1 E7DE
1 5CC0
1 D71E
1 D0AF
1 C89F
1 7203
1 46DD
1 859F
1 3224
1 4FBF
1 DD89
1 3280
1 0FE3
1 5210
1 214D
1 C56B
1 F49C
1 0764
1 18E6
1 A091
1 4894
1 7661
1 4CB3
1 4245
1 22D2
1 D216
1 6A5B
1 4F41
1 D852
1 5AB4
1 9157
0 0000
0 0000
0 0000
0 0000
0 0000
0 0000
0 0000
0 0000
0 0000
0 0000
0 0000
1 00B1
1 9A9B
1 32AD
1 E19A
1 67D4
1 84FE
1 F6FB
1 21C6
1 F19B
1 1BE5
1 E926
1 B978
1 1A8B
1 3E4B
1 F112
1 876F
1 E76D
1 2E6E
1 3CBE
1 E937
1 79AB
1 134D
1 6C5A
1 4645
1 DEF0
1 0F6F
1 079E
1 BFA3
1 82F6
1 9DBE
1 69FE
1 67E0
1 EAAE
1 6625
1 C86D
1 0E71
1 BAE9
1 684C
1 3E3C
1 E44B
1 A5AA
1 2C03
1 2C7A
1 C653
1 D593
1 4CD8
1 CA8B
1 F988
1 9AA8
1 DDAD
1 D848
1 2682
1 0FEF
1 0070
1 FF7C
1 A14B
1 D77B
1 27B8
1 B8A3
1 57B3
1 F55E
1 FADF
1 52C7
1 EF29
1 1CD1
1 0790
1 8659
1 E9B8
1 D69D
1 550B
1 B3E5
1 5DE5
1 8604
1 74D8
1 3DD9
1 38A8
1 52A5
1 CB7A
1 D790
1 C67A
1 A5E5
1 B13D
1 389A
1 94C5
1 720C
1 1563
1 1BB2
1 5B6D
1 E38A
1 C694
0 0000
0 0000
0 0000
0 0000
0 0000
0 0000
0 0000
0 0000
0 0000
0 0000
0 0000
1 00B2
1 BBA2
1 F8A1
1 3839
1 3646
1 51E4
1 D85D
1 30E5
1 37CC
1 B7AE
1 0F06
1 A84B
1 E8F3
1 2F3C
1 4D93
1 3F39
1 2E1B
1 090B
1 009E
1 54A1
1 DEF1
1 0E7F
1 366B
1 4C73
1 689E
1 19A8
1 03BC
1 4831
1 20AF
1 6C8A
1 A771
1 1882
1 DAD4
1 E5DE
1 D36A
1 319A
1 E4D8
1 3AE8
1 805D
1 269E
1 5B55
1 1EFD
1 54E4
1 E233
1 5E9D
1 166E
1 7782
1 8C80
1 4FF3
1 4BD6
1 B652
1 8F9D
1 EEB1
1 7780
1 99B0
1 9A87
1 0C7C
1 051F
1 02A6
1 C16E
1 2E94
1 46B8
1 BB7A
1 A5DA
1 917B
1 1511
1 5B0E
1 C967
1 2152
1 0FE1
1 CBD8
1 533C
1 E5FD
1 C7F2
1 9625
1 6131
1 8592
1 D6D6
1 6A87
1 D372
1 B74B
1 7546
1 63D7
1 42C9
1 A4DB
1 8F77
1 0E54
1 CEA9
1 5093
1 E627
0 0000
0 0000
0 0000
0 0000
0 0000
0 0000
0 0000
0 0000
0 0000
0 0000
0 0000
1 00B3
1 BF18
1 C2A2
1 356C
1 BFD2
1 A4B9
1 EB03
1 7320
1 AC63
1 8464
1 5A57
1 1EC5
1 3A09
1 F345
1 93D1
1 8C73
1 DA16
1 25B3
1 29F9
1 633B
1 0840
1 835F
1 EC27
1 43CD
1 29F6
1 5A70
1 8D9A
1 6664
1 B42A
1 EDA7
1 4345
1 936B
1 3E84
1 09C2
1 16E8
1 F6FC
1 7331
1 9CC2
1 B67B
1 447B
1 A540
1 0C3F
1 BA19
1 A6A2
1 BAA7
1 027D
1 F066
1 84B4
1 83BE
1 6088
1 7E60
1 65DF
1 BC76
1 7D5C
1 FDDA
1 53A4
1 2B38
1 4594
1 23B8
1 92AC
1 4A35
1 BC09
1 87FF
1 1C4B
1 E8D8
1 155D
1 8FD7
1 C84A
1 D9C2
1 24DD
1 0F87
1 4020
1 D98D
1 05BF
1 328E
1 95A9
1 7BCC
1 BD45
1 E5A0
1 7EDB
1 3564
1 C53B
1 3C7B
1 272D
1 CD00
1 AA32
1 FD59
1 380E
1 3A5D
1 6471
1 C5EA
0 0000
0 0000
0 0000
0 0000
0 0000
0 0000
0 0000
0 0000
0 0000
0 0000
0 0000
1 00B4
1 F2EA
1 47A3
1 4DA8
1 C1E3
1 4179
1 0975
1 C33A
1 5515
1 4D57
1 6E58
1 128F
1 2DC3
1 F191
1 997F
1 7C97
1 A9B4
1 B94E
1 F472
1 7F84
1 02E4
1 61AB
1 3FC7
1 63F2
1 0091
1 08D5
1 62DC
1 70F1
1 CA49
1 9477
1 0185
1 D5A3
1 27F3
1 4C14
1 7C99
1 7F24
1 1000
1 864C
1 B991
1 9793
1 1CB9
1 11A2
1 D713
1 0C75
1 A83C
1 BE7E
1 2756
1 EF77
1 1239
1 DF07
1 1EBA
1 F8B3
1 5DC8
1 FD14
1 789F
1 22B6
1 7D6A
1 B988
1 3A3C
1 99DB
1 8B02
1 5FAA
1 1C42
1 7B7C
1 1467
1 B3BA
1 4EF7
1 C4D4
1 F9A7
1 23EF
1 C35D
1 E93E
1 4F2E
1 92E7
1 F26B
1 7EEE
1 E302
1 E39F
1 DE9A
1 0AFF
1 F575
1 CE7B
1 F0B0
1 F614
1 9CE5
1 E61D
1 237B
1 5491
1 5715
1 1FD6
1 D657
0 0000
0 0000
0 0000
0 0000
0 0000
0 0000
0 0000
0 0000
0 0000
0 0000
0 0000
1 00B5
1 17DA
1 B832
1 2A89
1 DF27
1 841D
1 67F9
1 4605
1 9CCA
1 3153
1 03F5
1 0074
1 C300
1 76E8
1 1CCD
1 D91B
1 7FAF
1 A212
1 5734
1 D274
1 45B4
1 FDC0
1 2581
1 1FAB
1 5E6F
1 91DD
1 4C11
1 7883
1 499F
1 A36A
1 43D7
1 A22E
1 16DF
1 E367
1 93D1
1 53A3
1 9953
1 2757
1 AC38
1 97A8
1 62A9
1 0A55
1 B73E
1 8258
1 66F9
1 F2B6
1 36B1
1 4A8A
1 B526
1 465E
1 931A
1 D684
1 A928
1 38A8
1 B198
1 A6DC
1 F817
1 6F5E
1 889D
1 33CE
1 E239
1 F71D
1 1745
1 2673
1 ABFF
1 B6F8
1 BFF7
1 531C
1 3AFA
1 81E3
1 0FE1
1 4F1C
1 41CF
1 5786
1 EA55
1 65B1
1 FEE5
1 A84D
1 FA26
1 D770
1 8B4C
1 B4A5
1 71F6
1 26F9
1 E932
1 983C
1 22CC
1 4BC8
1 BAA5
1 956F
1 145F
1 ED75
0 0000
0 0000
0 0000
0 0000
0 0000
0 0000
0 0000
0 0000
0 0000
0 0000
0 0000
1 00B6
1 3722
1 E7CB
1 7228
1 9B98
1 6D32
1 3C8E
1 5B6E
1 A51F
1 24EC
1 F5EB
1 6A5B
1 464E
1 3CF1
1 1FC9
1 D3E7
1 9AF1
1 FDC0
1 8B17
1 19DB
1 D507
1 DFBC
1 5FFD
1 8FEA
1 55F9
1 D34F
1 77BA
1 7896
1 0EF9
1 0559
1 17B2
1 D3B0
1 AC87
1 4CBA
1 DE1F
1 70AD
1 02AA
1 B11F
1 E257
1 27B1
1 A50D
1 853E
1 D696
1 81F6
1 598D
1 F8B8
1 C310
1 172A
1 8D32
1 577E
1 5F7B
1 6334
1 35EA
1 A66F
1 A2FB
1 FBCF
1 E8C9
1 15DF
1 12DE
1 B228
1 761E
1 A667
1 A05E
1 54CD
1 9627
1 2425
1 6E33
1 C09B
1 2A51
1 885B
1 2FC1
1 6FC6
1 AF9A
1 CCEF
1 F182
1 8C20
1 E88A
1 73E9
1 0106
1 4028
1 805D
1 1923
1 3E71
1 D187
1 FF7F
1 9632
1 0102
1 1C3F
1 E06E
1 6186
1 196C
1 7E1E
0 0000
0 0000
0 0000
0 0000
0 0000
0 0000
0 0000
0 0000
0 0000
0 0000
0 0000
1 00B7
1 6140
1 AC98
1 394D
1 23B9
1 F4BB
1 921D
1 DCF5
1 7DEA
1 5A96
1 5770
1 5967
1 B2CF
1 E926
1 891E
1 5941
1 93C3
1 C7D5
1 091B
1 4307
1 10F2
1 DD16
1 3B02
1 C6B7
1 E300
1 D986
1 9C06
1 2F02
1 0D5B
1 ADCC
1 B93B
1 E65E
1 8398
1 A159
1 2D00
1 872A
1 3840
1 0535
1 E976
1 E166
1 1650
1 1B60
1 9C97
1 DCCE
1 B5E4
1 BC87
1 9768
1 FDBF
1 29DC
1 FDEB
1 9BD9
1 E47C
1 1F88
1 EBA6
1 7571
1 A41D
1 5F69
1 C7C5
1 2341
1 FEC4
1 5CD5
1 596D
1 9BDE
1 53C5
1 A28D
1 EC03
1 ED06
1 4561
1 D640
1 3FF9
1 77C7
1 07DF
1 A58F
1 99DD
1 3FAE
1 9C21
1 1F87
1 E074
1 D981
1 0502
1 3339
1 8E5A
1 7A2B
1 A9F8
1 42A4
1 CB03
1 6B12
1 C79F
1 C291
1 344A
1 5D4D
1 8C07
1 8A93
0 0000
0 0000
0 0000
0 0000
0 0000
0 0000
0 0000
0 0000
0 0000
0 0000
0 0000
1 00B8
1 F332
1 ABEA
1 1607
1 6579
1 44EF
1 185D
1 6D12
1 E00B
1 5379
1 CC45
1 BC7C
1 010C
1 DC36
1 27D4
1 ED79
1 E072
1 EDAD
1 44DE
1 584F
1 9439
1 DDCD
1 CB53
1 825A
1 FE27
1 C0BC
1 EC91
1 0EEB
1 7E5C
1 30EE
1 95F3
1 67DB
1 B4FE
1 022B
1 EA41
1 AE3C
1 395C
1 1D9D
1 98D9
1 A1E6
1 8F4C
1 7EC5
1 F1F1
1 D84F
1 1B44
1 5AD6
1 91FD
1 52A0
1 A1B0
1 9636
1 58DA
1 B7B3
1 D3A3
1 60CF
1 CBD6
1 3C0D
1 4763
1 EE23
1 A0EA
1 BE70
1 9135
1 474E
1 A07B
1 93CE
1 C0B6
1 A015
1 D3F2
1 C21D
1 FD35
1 78D2
1 67AB
1 0969
1 D834
1 DC58
1 A904
1 8848
1 7520
1 812F
1 FBA1
1 FC89
1 221E
1 BC43
1 7948
1 AA6B
1 9765
1 744B
1 E11F
1 B588
1 E27F
1 2F82
1 5821
1 DAB4
1 627B
0 0000
0 0000
0 0000
0 0000
0 0000
0 0000
0 0000
0 0000
0 0000
0 0000
0 0000
1 00B9
1 E9F1
1 D50F
1 F291
1 05D7
1 3890
1 F6AB
1 1562
1 94B6
1 8589
1 02FB
1 DB9C
1 4D63
1 82B3
1 A1EB
1 3507
1 2E1C
1 1DED
1 4AED
1 132A
1 847A
1 FFEF
1 51B1
1 6F23
1 BA91
1 8E6F
1 C694
1 14F8
1 B0BE
1 DFAB
1 8062
1 3381
1 DFEB
1 D56C
1 E77A
1 8054
1 E128
1 EA93
1 831E
1 F6F0
1 26C2
1 A838
1 3863
1 2580
1 E2FA
1 36E0
1 2990
1 C1CB
1 4956
1 CD1A
1 9FD3
1 7B2B
1 7F7C
1 F6CF
1 48BD
1 8BD4
1 A5C9
1 AA47
1 EBAF
1 1534
1 488E
1 BEFF
1 23C1
1 CFF3
1 7538
1 53F6
1 3D6C
1 BD3D
1 1FAD
1 2845
1 7359
1 D5CF
1 E881
1 0555
1 60A9
1 350A
1 244B
1 2C00
1 6A2C
1 6A0C
1 0BB0
1 9A8E
1 2567
1 2FB7
1 4043
1 6C4B
1 CFA1
1 5416
1 CE03
1 5F6A
1 0760
1 8992
1 D24A
1 AD34
0 0000
0 0000
0 0000
0 0000
0 0000
0 0000
0 0000
0 0000
0 0000
0 0000
0 0000
1 00BA
1 81FA
1 4D31
1 3808
1 1D1A
1 11E8
1 C1FE
1 C174
1 F20F
1 DCAE
1 CAD5
1 54C8
1 93A1
1 BD3F
1 A81D
1 5C40
1 9B65
1 0AE6
1 B870
1 2145
1 E50A
1 5F9C
1 4E70
1 6F77
1 9B85
1 2A7C
1 9C3A
1 9BFC
1 991A
1 0936
1 AFF9
1 C930
1 B0F1
1 77B8
1 08B1
1 B867
1 3131
1 2047
1 16A6
1 5C59
1 D703
1 3EB4
1 A038
1 2EC9
1 868B
1 FDAA
1 99D4
1 9BF5
1 DE03
1 FACA
1 9F0D
1 7E28
1 39D9
1 9CD9
1 394C
1 DA3E
1 AF93
1 8963
1 A63D
1 E073
1 5942
1 4466
1 C65F
1 A7AF
1 000E
1 49D1
1 C00E
1 4BBA
1 A385
1 2DD9
1 547D
1 77F5
1 8FCA
1 8961
1 25F9
1 0EEC
1 5A1F
1 692E
1 2C0C
1 6DF6
1 8C5B
1 E03F
1 BB90
1 9269
1 7C17
1 FDD0
1 790B
1 43C1
1 2ABC
1 464B
1 443D
1 E162
1 6E10
1 9F7E
0 0000
0 0000
0 0000
0 0000
0 0000
0 0000
0 0000
0 0000
0 0000
0 0000
0 0000
1 00BB
1 9898
1 AE5C
1 2E91
1 89D3
1 78ED
1 1E15
1 9340
1 2CE7
1 1236
1 D8E5
1 E25F
1 8F31
1 4F18
1 D8CF
1 BBED
1 5A8A
1 3DD6
1 7D00
1 AEFB
1 E005
1 16A6
1 5EA8
1 D38D
1 0348
1 E534
1 E2EE
1 467E
1 B9DF
1 2C54
1 0A0D
1 76B9
1 CBE8
1 7F71
1 81FC
1 8023
1 4675
1 70D8
1 E443
1 766F
1 EA96
1 DC00
1 6A07
1 F57A
1 417B
1 70FB
1 721E
1 D5E4
1 C2C2
1 456E
1 904C
1 764B
1 38BC
1 D52B
1 7419
1 F684
1 1F7E
1 8EC6
1 E009
1 82D6
1 208C
1 6C56
1 7058
1 6C24
1 AB73
1 EEEA
1 E8A0
1 29EE
1 B8FC
1 FC28
1 9E38
1 D095
1 604A
1 1DA7
1 3232
1 1833
1 4C99
1 38FD
1 7A34
1 EE8D
1 A235
1 11DE
1 CDF2
1 1259
1 FA6E
1 92E6
1 5CE6
1 D380
1 F3C0
1 2B3E
1 238D
1 BEAF
1 A830
1 C3AF
1 8B77
0 0000
0 0000
0 0000
0 0000
0 0000
0 0000
0 0000
0 0000
0 0000
0 0000
0 0000
1 00BC
1 F9EE
1 F0D6
1 3609
1 6A83
1 A94E
1 5A2A
1 B549
1 8D6D
1 13C0
1 3B57
1 61A8
1 E848
1 AEC1
1 96C3
1 3B24
1 71ED
1 03C7
1 4BD6
1 538A
1 19AF
1 24E9
1 6E89
1 7FA5
1 936C
1 519D
1 3CC4
1 C49D
1 668B
1 F494
1 D825
1 9FE9
1 471B
1 A2A7
1 E221
1 49CD
1 D514
1 AF4A
1 FCD7
1 C5A8
1 1327
1 DADC
1 135D
1 87D6
1 5171
1 1963
1 A17C
1 8703
1 E868
1 7933
1 71A2
1 54FE
1 90A3
1 6DD4
1 E010
1 33DE
1 10B5
1 3DDE
1 80F6
1 DCB7
1 7BFE
1 39EF
1 B66B
1 F5E9
1 8549
1 D85D
1 A742
1 5D83
1 78C4
1 7986
1 A574
1 DB6D
1 8A1C
1 4020
1 ECC8
1 2632
1 D576
1 81B7
1 BA6E
1 029C
1 759D
1 BCD6
1 0ED9
1 881C
1 8263
1 D41D
1 2E0F
1 05BA
1 63D1
1 C34A
1 FA70
1 7F93
1 4738
1 D7EC
1 EA9B
0 0000
0 0000
0 0000
0 0000
0 0000
0 0000
0 0000
0 0000
0 0000
0 0000
0 0000
1 00BD
1 40A7
1 D803
1 A17A
1 DE18
1 B11A
1 9CAA
1 1CB7
1 A8F7
1 B0B6
1 154C
1 00C8
1 94AA
1 BA15
1 3D26
1 DC25
1 DD6C
1 C5C1
1 3613
1 93C2
1 48F1
1 F7E4
1 E1D7
1 E61D
1 EBEA
1 CD31
1 E2B8
1 AE6F
1 B796
1 789D
1 206E
1 3066
1 526A
1 E5E6
1 5F03
1 7D13
1 CEAE
1 4B2F
1 9830
1 0FA5
1 7E1E
1 9A68
1 06C9
1 5CC9
1 212C
1 C1E5
1 CE43
1 A02E
1 059F
1 C673
1 10B1
1 9A2B
1 21B9
1 B385
1 E9FE
1 4CED
1 6A70
1 2E69
1 4DA4
1 9BC1
1 7B57
1 1022
1 A98F
1 84B6
1 A417
1 2DC0
1 BD25
1 924E
1 03C0
1 DF8D
1 6AF3
1 D29B
1 3F5A
1 E02C
1 0819
1 C87F
1 1559
1 C6DC
1 9D00
1 09A2
1 9C0E
1 B494
1 137E
1 460C
1 0A1A
1 98B3
1 28E9
1 6A60
1 9334
1 E1CE
1 1303
1 E237
1 B7AF
1 FBE0
1 E800
1 0700
0 0000
0 0000
0 0000
0 0000
0 0000
0 0000
0 0000
0 0000
0 0000
0 0000
0 0000
1 00BE
1 FA05
1 8EAD
1 A09D
1 DCB1
1 A86D
1 5086
1 678C
1 B5BE
1 A9F6
1 06E3
1 1B3D
1 70A6
1 0A79
1 07F0
1 5A95
1 B9E8
1 214E
1 42B4
1 B575
1 7BF2
1 9708
1 4E38
1 2C83
1 E08D
1 39D5
1 A085
1 E861
1 CE69
1 AFD8
1 532D
1 F8B8
1 4E74
1 864C
1 16F1
1 67DA
1 9B10
1 9D69
1 D821
1 79A5
1 90CC
1 3E90
1 CEAB
1 DBE4
1 638D
1 4D42
1 87DE
1 4321
1 CCF7
1 46D1
1 B727
1 A643
1 1566
1 5AA6
1 174A
1 D454
1 BE68
1 66ED
1 5BEE
1 9691
1 2B34
1 3645
1 CA16
1 65B0
1 7409
1 5277
1 35E8
1 E134
1 1D10
1 EA16
1 9AB4
1 7460
1 1DDF
1 8D6C
1 8CBE
1 61BC
1 69C3
1 BF5D
1 424F
1 E91B
1 3B24
1 F6E9
1 4AD0
1 A6C8
1 63A3
1 96F2
1 9878
1 E848
1 A1F7
1 E2CA
1 007F
1 F7A2
1 7D17
1 0A74
1 CA90
1 8B96
0 0000
0 0000
0 0000
0 0000
0 0000
0 0000
0 0000
0 0000
0 0000
0 0000
0 0000
1 00BF
1 8CA6
1 2D16
1 B283
1 C393
1 D8BC
1 0096
1 EED8
1 299C
1 1ACF
1 4F79
1 4387
1 605F
1 C095
1 FC5B
1 2EE6
1 0E9F
1 58F1
1 166D
1 DCF7
1 9F6E
1 3BA9
1 16EF
1 FF38
1 948B
1 3714
1 5D13
1 FA24
1 A2C5
1 0F80
1 D74D
1 B76B
1 DCFE
1 C14C
1 D459
1 6AC3
1 3E91
1 B30C
1 94F5
1 D701
1 49CC
1 29C7
1 4EF1
1 C3B3
1 2D24
1 89E9
1 FF70
1 6A95
1 7ECB
1 B4B3
1 684A
1 22C9
1 3938
1 2E4B
1 E74A
1 28EE
1 BB6B
1 29A4
1 7937
1 139E
1 1FD8
1 C2DB
1 FAC7
1 0342
1 ACE3
1 E1C9
1 7083
1 F204
1 1CA5
1 B69A
1 4106
1 809D
1 14E7
1 A443
1 5766
1 6FA6
1 D7BE
1 9658
1 EF58
1 523D
1 B967
1 E6F4
1 EAB1
1 DCA5
1 D361
1 33CA
1 2E67
1 79E8
1 1122
1 B18B
1 8E2E
1 FFB0
1 B9D7
1 A174
1 0828
1 EA1C
1 9B39
0 0000
0 0000
0 0000
0 0000
0 0000
0 0000
0 0000
0 0000
0 0000
0 0000
0 0000
1 00C0
1 8C18
1 F360
1 02C9
1 E805
1 8B9C
1 6637
1 E91A
1 1B93
1 F095
1 05C7
1 DDE3
1 A3E6
1 7BEA
1 53B3
1 3844
1 A1E0
1 739B
1 F8FB
1 057E
1 F7D5
1 8762
1 0674
1 46EE
1 20CC
1 2720
1 357D
1 732E
1 968F
1 2B91
1 9ABC
1 A0DC
1 0C3C
1 8F60
1 7346
1 02E2
1 080C
1 F30A
1 9F24
1 C6C0
1 1188
1 C288
1 3BE4
1 EEC5
1 696D
1 471F
1 294E
1 769C
1 E179
1 50C1
1 766C
1 4CE8
1 A058
1 3545
1 2C42
1 BFE8
1 9599
1 FDC6
1 7533
1 271D
1 3523
1 4657
1 4D02
1 BD7A
1 B4FE
1 B453
1 D3DA
1 AC0B
1 2009
1 6AC9
1 7654
1 CC26
1 FE03
1 D324
1 E0A3
1 E89A
1 45E1
1 6E79
1 393C
1 F0C4
1 D588
1 6C9F
1 EBB4
1 B589
1 917E
1 15B4
1 6E5E
1 0CEA
1 4C16
1 BEDD
1 A906
1 FCA3
1 946E
1 527E
1 A0FD
1 DA48
1 9C11
0 0000
0 0000
0 0000
0 0000
0 0000
0 0000
0 0000
0 0000
0 0000
0 0000
0 0000
1 00C1
1 F6AB
1 3809
1 AB67
1 539F
1 F1FC
1 15C6
1 8216
1 7CED
1 7DD8
1 DDAA
1 A232
1 3B44
1 4D1B
1 4737
1 611D
1 46AD
1 BAC1
1 09FC
1 FD35
1 4E42
1 3358
1 62EA
1 8223
1 E396
1 E0B1
1 8FF3
1 7AC7
1 174E
1 C8CC
1 BCAB
1 C706
1 8578
1 4943
1 283C
1 D051
1 4922
1 CAD0
1 A269
1 F882
1 4470
1 35BE
1 E037
1 C49B
1 BC54
1 4F0A
1 20CD
1 F418
1 7FB4
1 D1FD
1 EBBA
1 024D
1 27AC
1 A8A3
1 D9B1
1 EACB
1 8A51
1 17DD
1 E6CE
1 385A
1 FDC8
1 693E
1 3801
1 61DF
1 6406
1 FB15
1 CC2D
1 CBD2
1 CC79
1 578B
1 B494
1 DA3F
1 63C1
1 5FF2
1 461E
1 3553
1 14E5
1 F5F3
1 1243
1 08B0
1 B192
1 FEFD
1 DACA
1 AC51
1 8EAC
1 686A
1 B8A8
1 E3D9
1 036A
1 2AD2
1 E371
1 ED70
1 E0D5
1 E1C4
1 0195
1 223B
1 EBA0
1 02E4
0 0000
0 0000
0 0000
0 0000
0 0000
0 0000
0 0000
0 0000
0 0000
0 0000
0 0000
1 00C2
1 68E1
1 B73F
1 7D0C
1 D208
1 371B
1 F601
1 C575
1 E294
1 F6E5
1 E233
1 A884
1 718E
1 F27B
1 29DC
1 3A13
1 7EDF
1 BF39
1 8AA7
1 CFDB
1 11D6
1 03EA
1 C193
1 3739
1 270F
1 84AF
1 3737
1 2CC1
1 3943
1 850A
1 C1A9
1 6671
1 D929
1 05C7
1 4C0A
1 F597
1 B33A
1 A664
1 2ED9
1 6196
1 8281
1 265D
1 3F2A
1 6237
1 53E4
1 E209
1 0762
1 234E
1 2E93
1 3DF6
1 CF5F
1 D7DE
1 96A9
1 435B
1 75E3
1 0BE1
1 FCA2
1 6BFB
1 C2C4
1 6006
1 537B
1 9489
1 7D5B
1 47B5
1 26FF
1 8B25
1 C5C1
1 C4B9
1 8790
1 3FB8
1 0E0B
1 568D
1 3F1D
1 B160
1 1313
1 4019
1 E475
1 946F
1 A14E
1 F8B2
1 D1B2
1 B7D6
1 2BF9
1 A780
1 B1F4
1 CC0C
1 1103
1 4B60
1 C9BA
1 9917
1 BEA9
1 90D5
1 A096
1 0331
1 0B30
1 B2CF
1 89F7
1 64AF
0 0000
0 0000
0 0000
0 0000
0 0000
0 0000
0 0000
0 0000
0 0000
0 0000
0 0000
1 00C3
1 9957
1 06DC
1 73B1
1 0CC6
1 7D9F
1 5C65
1 E2A5
1 49F5
1 520A
1 8CFD
1 1714
1 CFDF
1 53C9
1 2BAF
1 F39A
1 2FA8
1 4591
1 DFD6
1 AE39
1 8FE4
1 B933
1 5BAE
1 42D8
1 D6CF
1 9FB4
1 0821
1 FAF0
1 5EA2
1 3221
1 336B
1 E305
1 E65F
1 9E16
1 1903
1 410E
1 E5D5
1 1E1B
1 62E9
1 E065
1 088C
1 F412
1 A483
1 45FD
1 73FA
1 FDB0
1 3D75
1 69C7
1 509D
1 AC69
1 F793
1 F4A1
1 0FD9
1 481C
1 D3FA
1 2004
1 DEDE
1 0EC0
1 820E
1 5D43
1 E246
1 6616
1 5CDC
1 1227
1 CFE6
1 F9FA
1 615B
1 B6AF
1 BC2B
1 3286
1 EA26
1 BCAC
1 1DE4
1 F575
1 7B16
1 1344
1 F43E
1 302E
1 ED2B
1 7C8A
1 B77F
1 56D2
1 8124
1 8278
1 34CA
1 6640
1 35ED
1 C396
1 7B84
1 2E3B
1 FDEF
1 53DD
1 CB21
1 3F0B
1 FD1A
1 4D63
1 EE17
1 8007
1 909F
0 0000
0 0000
0 0000
0 0000
0 0000
0 0000
0 0000
0 0000
0 0000
0 0000
0 0000
1 00C4
1 F7F4
1 1C8B
1 4AEE
1 B43E
1 9314
1 28BB
1 5DE2
1 78D7
1 3C06
1 000F
1 0B60
1 B357
1 354A
1 28D2
1 4DF0
1 2499
1 4D81
1 6160
1 6E3D
1 A53D
1 0B61
1 7866
1 A6B1
1 4FA9
1 91E9
1 4B58
1 33CE
1 D417
1 D840
1 CF5C
1 37EE
1 727A
1 1E03
1 F153
1 C127
1 7F60
1 A853
1 4AC5
1 ED11
1 9070
1 4E02
1 1BC3
1 E6D9
1 0481
1 EB2A
1 DCC1
1 6CA7
1 852E
1 A71B
1 4343
1 32C8
1 3742
1 44C1
1 3C8C
1 19C1
1 0805
1 0F37
1 A6EF
1 32D4
1 2B81
1 4E56
1 2286
1 3768
1 C7BA
1 FF5E
1 CD50
1 4006
1 CC97
1 3EF9
1 F5A4
1 4C51
1 855C
1 69FA
1 9A68
1 0934
1 9DD3
1 0877
1 4D97
1 F8F9
1 5713
1 576D
1 3B1E
1 D194
1 4F34
1 BB8C
1 F6B6
1 DFE2
1 E5E6
1 822F
1 6F50
1 467A
1 A669
1 ADE9
1 0DFD
1 677E
1 C95B
1 BEE6
1 B87B
0 0000
0 0000
0 0000
0 0000
0 0000
0 0000
0 0000
0 0000
0 0000
0 0000
0 0000
1 00C5
1 D12F
1 DC0D
1 B708
1 F4BA
1 123F
1 DAFA
1 F521
1 CEA0
1 A61A
1 472A
1 DCFD
1 39F9
1 8D76
1 378F
1 F6E9
1 1CE6
1 8359
1 F886
1 F0DC
1 D2BA
1 282A
1 5C42
1 145C
1 8864
1 9A4B
1 2955
1 2E7C
1 F030
1 3DD6
1 3210
1 9DD0
1 DEBA
1 67A5
1 4161
1 BC65
1 F9E3
1 4CE2
1 F70F
1 1EB5
1 2049
1 56C2
1 4AEB
1 1722
1 2A2F
1 8F86
1 D3BA
1 B69C
1 F762
1 1637
1 2334
1 1B53
1 79AF
1 D8F0
1 5E12
1 DE0F
1 5260
1 4871
1 2892
1 0418
1 9D1D
1 C796
1 1994
1 5F89
1 C5FA
1 B1AF
1 4BE6
1 8CAC
1 8460
1 AEDF
1 87A6
1 AD10
1 5B60
1 2058
1 D974
1 B2AC
1 083B
1 2100
1 1DFD
1 C2E1
1 F3FF
1 14AC
1 CCC5
1 D9E3
1 0A4C
1 9956
1 BD21
1 8263
1 E01C
1 E677
1 C7A0
1 B777
1 3086
1 93BE
1 04AA
1 A849
1 C35D
1 4B54
1 CE00
1 987C
0 0000
0 0000
0 0000
0 0000
0 0000
0 0000
0 0000
0 0000
0 0000
0 0000
0 0000
1 00C6
1 252C
1 3734
1 41E3
1 F83B
1 5329
1 0C69
1 5EC2
1 5BF6
1 9694
1 98D4
1 C99E
1 0F43
1 9DA8
1 92FC
1 4F5F
1 8598
1 0241
1 B846
1 9DB5
1 DE0D
1 47B4
1 C59F
1 77B3
1 4A14
1 1B0E
1 4F42
1 A09A
1 0F0A
1 E7CA
1 6388
1 E04E
1 E0DE
1 C0A9
1 0568
1 4B12
1 593D
1 D2CB
1 118E
1 BDC9
1 A481
1 7BB8
1 7F85
1 8B8E
1 85B8
1 E4DF
1 3ADF
1 B63E
1 A916
1 91FD
1 8B8A
1 B63B
1 5436
1 F8A3
1 8D0C
1 609C
1 144E
1 2A58
1 EB97
1 D4EC
1 984A
1 AD21
1 DE64
1 2087
1 76CF
1 8A7A
1 B24C
1 5792
1 60F3
1 B4F2
1 48A2
1 D807
1 DA6B
1 BE35
1 D9DB
1 8A3B
1 92FE
1 76A0
1 A3FE
1 EE07
1 CBCA
1 8E2F
1 F162
1 E218
1 F270
1 818A
1 7AC0
1 DF94
1 5006
1 FA1B
1 AFBA
1 E0B4
1 A9EB
1 2932
1 0DB8
1 6A38
1 1471
1 C5EE
1 8B69
1 31B1
0 0000
0 0000
0 0000
0 0000
0 0000
0 0000
0 0000
0 0000
0 0000
0 0000
0 0000
1 00C7
1 CBBB
1 E26A
1 84DF
1 AD1E
1 C18C
1 D835
1 C0D9
1 D511
1 EB5C
1 8B17
1 3AAF
1 FE7F
1 2C6C
1 CEDB
1 AF98
1 72EA
1 B127
1 B91D
1 A2C8
1 A4BD
1 8B47
1 C28F
1 B02B
1 1B58
1 C31A
1 A360
1 8F41
1 38C0
1 7CB9
1 F945
1 7F63
1 BE34
1 3950
1 692E
1 AC3F
1 6C18
1 7A42
1 64BA
1 6C09
1 969A
1 648E
1 EC89
1 0067
1 FD9B
1 DC3A
1 E24C
1 C3C5
1 40AE
1 EED7
1 BD4C
1 B359
1 FB38
1 2E2F
1 4086
1 AB8E
1 A611
1 C4C9
1 882E
1 AC20
1 87D1
1 9B26
1 ABE5
1 48F5
1 E480
1 BC83
1 8A00
1 4F9C
1 5921
1 4712
1 FE42
1 CA7B
1 E9BD
1 4FAE
1 1C2E
1 5692
1 5095
1 F44E
1 C9E7
1 99BB
1 B676
1 99D2
1 A020
1 9FA1
1 4020
1 1561
1 C759
1 054F
1 EA82
1 BEE3
1 44D6
1 DB29
1 5A9E
1 DAC1
1 8BC2
1 0289
1 3D3A
1 D107
1 3516
1 D0B5
1 0CEF
0 0000
